Y	X	Z
1698.23	-732.5	2047
1714.1	-732.44	2224
1685.11	-720.68	2208
1707.74	-604.62	2148
1714.78	-655.38	2214
1712.4	-655.75	2210
1716.85	-604.24	2250
1744.07	-564.9	2086
1718.45	-542.24	2038
1704.2	-736.44	2206
1734.73	-705.82	2212
1735.78	-669.67	2198
1083.77	-1288.22	2109
1686	-728	2001
1711.88	-683.21	2200
1741.39	-865.45	2174
1712.39	-548.7	2380
1710.54	-610.83	2067
1702	-776	2045
1733.26	-663.78	2036
1689.1	-596.88	2214
1137.46	911.89	2142
1714	-928	2058
1709.73	-679.62	2170
1699.54	-742.77	2210
1073.16	631.39	2156
1735.11	-700.08	2204
1672.09	-612.77	2220
1726	-930	2014
909.18	406.56	2073
1715.34	-635.91	2186
1694.92	-677.53	2140
1703.84	-584.69	2196
1689.51	-729.32	2018
1030	-1413.33	2165
1698.11	-532.11	2172
1723.64	-737.22	2022
1575.32	1262.9	2124
1706.96	-626.97	2028
1711.54	-628.13	2021
1306.31	1117.71	2055
1703.27	-865.9	2023
1687.99	-593.44	2184
1673.74	-712.17	2226
1078.74	1347.86	2103
1717.39	-640.02	2068
1724.51	-672.81	2262
1698.91	-673.6	2198
1691.09	-709.6	2008
1710.66	-765.93	2174
1687.16	-670.31	2118
1685.06	-603.38	2104
1718.3	-898.05	2176
1681.55	-964.99	2013
1672	-778	2041
1695.29	-881.7	2222
1018.18	-875.01	2015
1415.84	-1494.51	2145
1677.22	-872.12	2058
1106.94	-1085.26	2145
1700	-690	2038
1719.3	-699.34	2308
888.22	-1152.18	2082
1885.5	1082.1	2085
1770.64	1283.6	2109
1788.81	1350.68	2085
1757.67	1286.69	2070
1520.59	870.42	2096
1759.73	1357.26	2025
1143.57	383.09	2040
921.9	-44.9	2076
1917.65	1415.75	2049
1842.73	589.06	2060
1755.08	-720.68	2137
1621.79	114.44	2102
1095.99	745.86	2071
1081.83	1471.85	2141
1421.7	-1217.86	2066
1653.36	-21.53	2113
1811.29	-603.26	2104
1034.68	-741.55	2065
1510.85	1062.8	2109
1796.58	1328.53	2117
1266.86	1188.98	2090
1202.18	-1138.45	2098
1769.38	1310.77	2106
1077.97	887.97	2118
1898.35	611.2	2076
1097.71	1312.96	2155
1705.29	-399.78	2144
1668.99	-391.46	2314
1715.11	-408.39	2218
1700.3	-379.63	2190
1684.2	-365.93	2212
1689.96	-396.3	2330
1678.63	-360.9	2118
1743.55	-391.7	2334
1671.03	-390.51	2204
1701.17	-390.01	2172
1695.74	-392.95	2212
1662.04	-374.3	2344
1733.46	-359.02	2046
1719.62	-403.28	2182
1710.83	-337.37	2240
1708.53	-359.94	2228
1695.41	-426.63	2070.15
1667.72	-405.87	2188
1711.94	-379.53	2152
1723.99	-374.64	2220
1711.58	-364.36	2186
1692	-326	2084.15
1688.13	-436.37	2190
1697.7	-419.25	2186
1690.93	-472.68	2222
1695.73	-486.47	2188
1704.67	-483.53	2102.15
1676	-516	2098.15
1711.04	-460.38	2170
1714.99	-476.94	2218
1737.55	-447.02	2168
1723.78	-335.32	2172
1714.03	-445.65	2126
1729.38	-292.52	2370
1712.3	-455.37	2362
1686	-408	2098.15
1725.08	-543.22	2080.15
1688.31	-183.95	2280
1695.61	-146.52	2100
1720	-508	2084.15
1693.77	-154.82	2152
1690	-304	2098.15
1743.59	-643	2206
1643.02	-655.33	2180
1732.09	-136.72	2170
1698.1	-134.31	2200
1700	-518	2056.15
1682	-576	2079.15
1702.94	-627.63	2136
1723.54	-595.71	2198
1703.08	-164.03	2142
1696	-576	2076.15
1727.66	-138.83	2248
1759.66	-179.85	2198
1711.68	-624.39	2214
1802.42	-1387.53	2079.01
1672.79	-1326.67	2125.01
942.4	-985.6	2124.6
880.5	-974.59	2117.01
1618.81	-896.77	2053.62
1604	-866	2085.62
1692.59	-834.49	2102.01
1608.48	-819.85	2128.62
1652.68	-819.41	2090
1607.7	-801.38	2184
1578.85	-794.39	2103.62
1658.05	-789.62	2200
1607.74	-781.41	2192
1572	-778	2076.62
1615.92	-774.45	2184
1607.42	-772.58	2194
1606.22	-769.11	2170
1609.32	-768	2174
1595.13	-760.27	2220
1728.39	-759.2	2184
1598.21	-758.58	2384
1610.61	-758.44	2228
1573.23	-738.95	2224
1594.49	-738.72	1970
1635.72	-732.59	2132
1564.68	-730.6	2228
1566.01	-728.46	2109.62
1602.42	-723.3	2132
1606.89	-721.54	2174
1618.43	-699.02	2176
1603.44	-698.69	2016
1623.18	-696.92	2212
926.49	-695.84	2088.01
1615.16	-686.51	2176
1595.68	-683.11	2196
1590.2	-680.68	2250
1608.83	-670.49	2142
1574.38	-669.19	2218
1596.71	-668.42	2170
1603.12	-665.96	2200
1696.19	-642.24	2111.01
1602.37	-640.42	2220
1534.91	-535.67	2115.01
1624.25	-378.88	2047.01
1863.18	-378.43	2134.01
1893.44	-42.79	2188.6
1856.59	-20.75	2194.01
1542.15	113.5	2132.6
877.3	144.19	2107.01
1463.53	399.36	2185.01
1604.52	1252.09	2120.01
1713.21	1328.13	2093.01
1738.47	1330.65	2164.01
948.28	1332.79	2068.01
1783.99	1460.67	2114.01
999.39	-1526.35	2075.21
1622.64	-414.7	2140
1602.65	-376.57	2102
1618.36	-347.22	2102
1634.38	-437.47	2056
1655.09	-398.41	2168
1638.01	-330.28	2098
1660.91	-328.4	2080
1661.85	-333.39	2132
1703.53	-348.25	2156
1613.38	-311.78	2100
1699.63	-334.51	2048
1614.78	-342.66	2104
1607.64	-460.92	2176
1630.89	-317.05	2078
1649.69	-292.83	2168
1667.43	-323.02	2080
1624.16	-279.88	2084
1650.57	-294.76	2092
1651.61	-273.3	2088
1648.83	-259.58	2134
1342.13	1090.72	2146.71
1651.82	-245.94	2070
1661.97	-236.2	2080
1662.28	-252.64	2172
1651	-524	2070.21
1644.72	-259.4	2146
1659.67	-251.45	2100
1636.22	-247.65	2114
1624.36	-554.15	2118
1614.58	-212.84	2116
1669.32	-205.88	2220
1630.1	-397.68	2076
1613.51	-409.71	2098
1646.47	-363.3	2054
1615.39	-378.38	2142
1608.54	-377.01	2156
1644.57	-364.36	2104
1654.72	-342.48	2082
1602.67	-415.93	2084
1999	230	2085.21
1674	-363.71	2100
1637.5	-391.56	2204
1649.72	-406.48	2208
1645.55	-355.59	2138
835	1220	2124.71
1674.13	-358.45	2220
1651.79	-358.75	2064
263	-1474	2101.71
1627.76	-403.48	2174
1610.52	-366.82	2078
278	742	2109.71
1626.37	-288.06	2154
1674.72	-266.18	2076.53
1608.45	-464.47	2088
1560.89	-719.87	2208
1540.27	-703.64	2172
1536.17	-699.35	2102.7
1541.78	-775.26	2212
1498	-683.62	2164
1470	-794	2102.7
1543.78	-647.47	2170
1509.38	-795.57	2097.7
1533.66	-639.62	2224
1564.59	-624.87	2192
1504.69	-651.16	2170
1531.47	-641.11	2150
1524	-818	2094.7
1491.64	-710.18	2045.7
1527.05	-615.66	2080
1525.91	-626.84	2194
1543.93	-617.88	2196
1496.65	-721.63	2092.7
1516.94	-855.53	2064.7
1482.94	-893.53	2083.7
1540.28	-594.37	2188
1571.25	-584.04	2216
1531.26	-767.47	2161.81
1497.31	-520.26	2136
1568.69	-529.09	2158
1545	-922	2046.81
1562.36	-735.07	2132
1511.99	-717.38	2096.7
1542.4	-692.22	2190
1705.93	1438.12	2143.81
1488.62	-707.96	2180
1520.17	-701.35	2061.7
1237.24	474.07	2122.81
1727.01	-905.33	2132.81
1578.38	-402.6	2100.81
1573.51	-687.37	2140
1527.9	-707.2	2222
1478.32	-710.84	2170
1496.49	-740.12	2208
1371.88	1459.78	2146.81
1523.85	-765.4	2036.7
1583.64	-911.07	2171.81
1505	-880	2119.81
1657.23	-77.91	2225.81
1522.34	-704.43	2382
1525.91	-690.63	2220
1538.66	-716.64	2162
1499.91	-782.8	2127.7
1631.19	-378.06	2090.12
1574.87	-381.71	2084
1559.37	-356.92	2101.12
1605.02	-376.15	2085.12
1584.93	-461.1	2121.12
1571.33	-432.7	2089.12
1602.68	-413.54	2192
1570.52	-394.25	2118
1637.83	-493.15	2055.25
1569.81	-439.02	2104.12
1651.63	-457.52	2096.75
1548.51	-364.85	2106
1595.53	-366.63	2066
1595.34	-448.96	2136
1622	-290	2120.12
1588.79	-337.5	2082
1564.2	-494.47	2123.12
1599.04	-505.62	2096.12
1584.16	-507.7	2098.12
1578	-316	2091.12
1617.01	-319.04	2117.25
1606.98	-278.24	2174
1616.14	-254.98	2108.12
1596	-324	2109.12
1602.72	-494.74	2110.12
1563.79	-281.6	2098
1604	-310	2119.12
1580.72	-494.74	2117.12
1614	-430	2087.12
1536.18	-285.74	1992
1531.14	-495.98	2010
1572.99	-304.66	2048
1614	-410	2092.12
1620	-380	2123.12
1554.93	-211.32	2092
1616	-220	2114.12
1779.29	-366.83	2058.75
1617.84	-249.25	2018
1628	-406	2088.12
1589.32	-530.16	2022
1581.68	-350.66	2078
1523.21	-398.26	2082
1589.42	-378.43	2150
1536.54	-384.89	2062
1612	-294	2101.12
1584.06	-311.69	2096
1600	-306	2121.12
1587	-274	2135.75
1539.12	-283.63	2116
1616	-292	2106.12
1596	-402	2112.12
1560.09	-280.55	2110
1622	-278	2106.12
1838.22	537.18	2104.25
1624	-328	2113.12
1574	-380	2105.12
1608.68	-213.78	2083.12
1610.68	-251.78	2088.12
1592	-398	2102.12
1574	-292	2101.12
1611.6	-488.66	2114.12
1582	-224	2114.12
1313.52	-766.95	2131.25
1592	-180	2104.12
1443.95	-727.12	2086
1471.89	-672.81	2102
1461.56	-701.02	2104
1468.75	-699.04	2080
1466.21	-710.31	2122
1551	-218	2081.53
1470.96	-709.65	2076
1437.47	-749.92	2086
1442.68	-751.75	2004
1445.16	-649.38	2102
1509.8	-632.13	2069.79
1469.8	-614.13	2097.79
1422.2	-732.75	2124
1455.22	-671.55	2164
1505.71	-587.71	2097.79
1471.36	-658.13	2072
1489.71	-613.71	2061.79
1465.71	-567.71	2106.79
1434.03	-792.63	2118
1454.2	-643.19	2122
1464.39	-652.91	2072
1454.27	-616.61	2090
1392	-222	2093.53
1460.19	-583.78	2032
1502.69	-580.21	2082
1485.94	-783.08	2074
1503.36	-525.28	2090.79
1451.14	-572.64	2042
1477.96	-587.79	2076
1485.99	-569.12	2176
1495.36	-553.28	2087.79
1503.36	-511.28	2090.79
1576	-488	2047.53
1438.7	-813.57	2086
1492	-478	2088.79
1449.09	-884.18	2094
1486	-524	2079.79
1431.3	-519.26	2074
1504.64	-595.68	2100.79
1484.49	-572.42	2096
1460.35	-521.81	2148
1468.39	-509.65	2116
1470	-486	2056.79
1433.26	-477.08	2137.53
1472.76	-597.75	2091.79
1414.45	-481.17	2109.03
1516.93	-583.68	2054.53
1473.19	-570.96	2056.79
1526	-482	2074.79
1524.64	-599.68	2095.79
1342.63	-510.83	2071.53
1470	-490	2080.79
1480.21	-588.47	2064.79
1368.14	-539.55	2084.03
1353.58	-592.21	2110.53
1522	-478	2093.79
1503	-658	2105.03
1478	-488	2087.79
1466.74	-624.72	2100.79
1468.21	-618.47	2076.79
1388.31	-622.44	2097.53
1478	-504	2075.79
1446	-588	2080.53
1550.64	-627.13	2127.53
1526	-506	2082.79
1470	-530	2091.79
1391.9	-586.86	2145.53
1526.94	-392.94	2080
1525.95	-332.55	2094
1503.16	-398.78	2087.91
1498.73	-416.11	2103.91
1523.88	-348.26	2124
1624	-448	2066.94
1501.98	-411.38	2116
1513.03	-373.17	2174
1536.22	-393.61	2116
1546.1	-322.91	2014
1526.33	-414.35	2122
1516.57	-317.21	2120
1521.91	-320.65	2114
1533.11	-273.01	2114
1494.24	-309.51	2126
1511.25	-274.71	2076
1520	-170	2105.94
1514.3	-452.32	2126
1531.72	-274.75	2126
1576.52	-309.08	2016
1509.43	-494.1	2091.91
1547.41	-299.33	2106
1523.32	-276.4	2100
1257	-134	2149.94
1545.96	-256.42	2124
1483.58	-448.17	2114
1504.7	-465.35	2002
1492	-522	2101.91
1497.93	-228.33	2134
1525.03	-265.31	2078
1513.21	-234.87	2124
1561.13	-218.6	2084
1531.17	-231.34	2148
1516.05	-220.7	2108
1458.73	-535.91	2080
1520.26	-234.2	2092
1408	-312	2107.94
1667	-428	2100.94
1549.52	-190.8	2088
1568.45	-209.3	2102
1551.71	-213	2066
1529.22	-552.6	2116
1592	-480	2064.44
1499.62	-536.6	2094
1502	-502	2145.91
1482	-398	2140.91
1413.75	-721.12	2118.22
1388.25	-700.78	2161.22
1398.44	-743.19	2114.22
1384	-720	2109.22
1422.7	-638.41	2116.22
1395.55	-735.97	2099.22
1354.35	-624.94	2126.22
1366.7	-624.41	2125.22
1426	-688	2130.22
1429.55	-757.97	2120.22
1369.28	-622.82	2098.22
1388.12	-801.02	2119.22
1428.66	-803.71	2103.22
1374	-730	2106.22
1387.78	-623.9	2089.22
1388.66	-765.71	2107.22
1384.21	-764.42	2119.22
1372	-704	2142.22
1386	-788	2163.22
1375.69	-624.5	2109.22
1414.67	-573.25	2141.22
1407.74	-569.7	2152.48
1388	-602	2112.22
1410	-772	2128.22
1390	-816	2102.22
1400	-812	2146.22
1398	-592	2094.22
1384.3	-596.33	2110.22
1321.13	-703.79	2077.48
1378	-816	2117.22
1406.3	-594.33	2145.22
1416	-828	2144.22
1415.53	-567.15	2094.22
1382.39	-827.63	2125.22
1416.39	-815.63	2098.22
1424.77	-551.49	2131.22
1372.77	-535.49	2097.22
1401.17	-857.03	2128.22
1414	-818	2092.22
1469.34	-364.02	2164.28
1442.58	-349.87	2151.28
1395	-180	2160.19
1421.39	-333.82	2148.28
1498.77	-309.14	2110.28
1524	-248	2087.19
1495.56	-313.68	2122.28
1468.96	-272.19	2118.28
1494.24	-246.38	2144.28
1440.01	-478.72	2168.28
1589.8	-375.4	2116.19
1511	-154	2172.19
1474	-318	2147.28
1421	-280	2116.19
1372	-240	2171.69
1463.66	-458.8	2156.28
1524	-278	2111.28
1526	-328	2108.28
1430	-490	2198.69
1357	-380	2124.19
1430	-278	2138.69
1510	-280	2140.28
1409.18	-465.39	2167.28
1347	-488	2154.69
1411.01	-444.44	2154.28
1466	-460	2149.19
1447.17	-500.36	2127.28
1401	-224	2131.19
1496.7	-225.13	2127.28
1420.7	-481.98	2125.28
1388	-322	2122.69
1443	-172	2089.19
1431	-254	2162.19
1401.01	-449.41	2139.28
1470	-186	2119.19
1450.93	-223.15	2129.28
1452.03	-477.27	2149.28
1429.55	-502.89	2145.28
1482	-314	2159.28
1413	-244	2188.19
1488.66	-241.54	2153.28
1288	-186	2172.19
1522	-184	2111.28
1392.55	-163.56	2146.69
1516	-180	2166.28
1412.79	-183.39	2133.69
1244	-256	2169.69
1476	-390	2111.19
1244	-258	2191.69
1397	-196	2152.69
1502	-180	2143.28
1520	-276	2154.28
1510	-208	2119.28
1449	-266	2125.19
1252	-242	2182.19
1515.1	-163.32	2148.28
1500	-288	2099.28
1393.27	-529.17	2140.28
1402.4	-240.76	2192.19
1296	-208	2139.19
1253	-254	2153.19
1256	-280	2139.19
1499	-372	2164.69
1480	-216	2160.28
1502	-178	2134.28
1243	-254	2168.69
1240	-264	2181.19
1292	-186	2144.19
1291	-172	2175.19
1395	-188	2153.69
1277	-176	2150.19
1228	-330	2133.69
1368.32	-591.89	2124
1373.32	-613.74	2170
1342.6	-745.83	2136
1305.45	-663.64	2140
1347.26	-588.59	2170
1361.63	-586.64	2182
1292.06	-818.65	2204
1357.06	-662.58	2096
1343.52	-534.68	2160
1347.19	-525.78	2134
1374.42	-536.49	2168
1346.47	-603.26	2178
1316.6	-565.95	2136
1289.76	-611.95	2110
1331.23	-889.35	2124
1353.67	-666.83	2108
1297.87	-641.07	2156
1350.58	-574.73	2148
1343.5	-596.13	2172
1345.4	-568.47	2124
1328.76	-720.25	2168
1337.05	-692.5	2144
1307.5	-749.28	2154
1335.38	-547.54	2124
1328.9	-648.44	2094
1325.4	-683.98	2112
1296.96	-680.12	2110
1371.35	-645.1	2172
1342.22	-630.42	2156
1291.23	-847.62	2164.5
1306.1	-776.94	2124
1327.99	-600.25	2138
1374.82	-572.28	2168
1360.77	-679.64	2140
1357.94	-689.17	2164
1298.13	-755.42	2170
1319.18	-664.68	2116
1308.68	-714.59	2068
1351.79	-603.77	2192
1332.19	-564.55	2122
1301.1	-857.92	2140
1319.77	-637.51	2164
1346.78	-516.09	2158
1346.58	-691.5	2122
1333.87	-664.92	2128
1290.02	-860.64	2137.5
1326.93	-696.86	2142
1310.65	-532.8	2204
1320.37	-626.67	2166
1300.58	-686.89	2152
1278.05	-312	2129
1332.28	-176.59	2113.5
1268.92	-334.31	2164.5
1424.97	-217.58	2132
1395.99	-219.16	2129
1357.28	-215.86	2116.5
1290.08	-377.9	2152
1317.78	-276.73	2143.5
1399.94	-226.79	2101.5
1375.45	-217.02	2164
1266.38	-292.97	2179
1333.21	-213.91	2165
1344.39	-229.13	2125
1347.86	-181.78	2137.5
1386.23	-189.28	2115
1264.55	-296.13	2131
1244.9	-302.52	2146
1366.86	-359.05	2143.52
1409.79	-357.99	2182
1415.79	-356.3	2146
1405.18	-367.11	2170
1434.85	-135.06	2132.34
1413.3	-340.6	2152
1355.51	-322.84	2173.52
1404	-326	2174.52
1363.51	-324.84	2163.52
1389.51	-294.84	2132.52
1403.51	-280.84	2135.52
1385.03	-398.63	2169.52
1390	-380	2144.52
1419.86	-308.53	2100
1442.25	-319.64	2175.34
1377.31	-327.51	2138
1420	-410	2172.52
1316.19	-321.33	2197.34
1387.98	-159.59	2183.34
1361.84	-235.7	2150.34
1409.64	-301.38	2156
1341.38	-246.83	2159.84
1409.54	-251.55	2145.52
1411.54	-255.55	2166.52
1402.5	-371	2236
1324.8	-241.82	2184.34
1378.07	-420.08	2098
1410.46	-396.44	2184
1424.44	-331.7	2140
1426	-154	2174.34
1419.37	-300.5	2200
1282.68	-352.6	2135.34
1397	-228	2181.34
1422	-430	2126.52
1392.41	-322.55	2202
1391.21	-414.97	2168
1393.5	-424.82	2146
1321.45	-198.57	2217.34
1357.39	-436.7	2128
1337.86	-293.16	2184.34
1386.81	-255.36	2134
1442.16	-260.21	2176
1293.87	-357.43	2191.34
1377.81	-436.58	2212
1340.56	-273.39	2170.84
1334.88	-207.3	2156.84
1380	-226	2162.52
1373.9	-473.86	2172
1392	-172	2134.52
1426	-402	2167.52
1424	-286	2184.52
1376	-224	2177.52
1241.33	-374.81	2162.34
1408	-204	2137.34
1348.58	-259.52	2213.34
1288.98	-267.18	2187.84
1422.47	-211.12	2155.84
1474	-130	2127.34
1372.98	-494.54	2132
1377.13	-508.45	2149.52
1241.8	-339.94	2179.34
1386.69	-156.09	2194.34
1420.38	-221.02	2134
1410	-174	2105.52
1333.61	-248.86	2139.34
1414	-186	2152.52
1388	-224	2169.52
1394	-192	2119.34
1385.5	-137.53	2183.34
1409.42	-225.65	2104.34
1399.09	-532.19	2044
1426	-406	2117.52
1424	-402	2159.52
1361.9	-521.28	2138
1406	-188	2158.52
1330.81	-261.56	2157.34
1440.36	-174.4	2158
1394.22	-127.89	2146.34
1388	-192	2186.52
1424	-176	2176.52
1372	-394	2157.52
1198.13	-384.12	2160.84
1392.93	-543.57	2144
1406	-182	2165.52
1317.7	-249.54	2160.84
1284.99	-680.88	2204
1277.92	-708.27	2176
1238.51	-708.21	2136
1243.13	-727.24	2112
1317.62	-727.26	2119.65
1275.58	-657.73	2159.65
1237.92	-663.43	2176
1303.28	-652.27	2148
1256.05	-691.98	2154
1248.15	-662.45	2168
1256.74	-701.97	2110
1280.97	-651.06	2056
1241.82	-727.22	2152
1252.86	-662.11	2212
1256.39	-752.56	2120
1239.52	-746.8	2116
1219.83	-774.04	2166
1294.73	-679.35	2186
1244.06	-794.39	2168
1316	-764.93	2192
1245.61	-785.53	2142
1215.64	-789.61	2112
1290	-606	2159.65
1253.61	-771.58	2180
1250.37	-612.88	2144
1262.58	-866.39	2134
1119.36	-806.96	2129.43
1261.72	-562.92	2152
1270.77	-523.02	2098
1360.55	-366.77	2138
1308.89	-363.05	2120
1296	-363.48	2195.62
1283.9	-315.33	2106
1363.38	-356.15	2112
1387.36	-339.93	2162
1297.93	-331.59	2180
1320.69	-311.03	2152
1331.81	-309.58	2098
1369.4	-303.17	2128
1352.38	-342.12	2132
1359.12	-359.91	2198
1302.63	-380.19	2080
1384.11	-321.77	2146
1313.98	-330.6	2122
1331.5	-284.7	2112
1314.27	-403.12	2184
1350.2	-301.26	2134
1368.45	-261.69	2136
1295.55	-239.24	2164
1301.74	-250.2	2108
1333.4	-285.87	2094
1364.68	-285.22	2178
1283.53	-418.62	2164
1334.66	-263.97	2194
1326.47	-415.78	2124
1343.18	-227.4	2072
1382.41	-222.63	2068
1321.43	-471.29	2114
1334.55	-486.59	2122
1323.75	-194.32	2150
1294.84	-418.64	2169.62
1360.96	-187.78	2124
1336.19	-479.52	2140
1351.22	-195.8	2090
1288	-484	2163.62
1382.81	-191.1	2130
1311.54	-161.95	2142
1319.77	-208.38	2162
1283.1	-517.21	2175.62
1342.17	-209.69	2196
1349.98	-137.55	2150
1345.78	-161.52	2144
1233.4	-701.93	2179.89
1183.44	-700.47	2056
1185.42	-753.04	2134.89
1177.42	-725.04	2132.89
1176.31	-766	2168.89
1213.26	-670.35	2140
1207.96	-705.9	2158
1208.31	-744	2183.89
1207.19	-713.4	2070
1201.54	-659.56	2106
1174	-692	2178.89
1195.71	-708.55	2154
1172.69	-685.95	2144
1263.18	-599.27	2146.93
1199.32	-716.17	2150
1225	-630	2178.93
1192.13	-773.31	2129.89
1193.05	-666.21	2142
1180.27	-681.03	2166
1196	-722	2134.89
1174	-694	2151.89
1234.57	-644.8	2188
1185.88	-606.54	2166.89
1206.04	-792.76	2154
1190.51	-838.29	2158.89
1212	-828	2131.89
1211.95	-604.82	2110
1210.83	-788.46	2116
1223.55	-548.1	2160.89
1209.35	-817.21	2200
1199.35	-544.14	2202
1179.7	-843.73	2052
1149.98	-846.24	2086
1205.69	-589.97	2134
1275.09	-533.23	2094
1199.95	-523.55	2142
1219.7	-540.06	2122
1172.94	-861.18	2092
1228.6	-526.49	2157.89
1196	-776	2127.89
1224.5	-518.2	2118
1196	-774	2150.89
1184.42	-858.98	2126
1254.67	-538.7	2168
1224	-624	2160.89
1212.28	-508.23	2124
1201.55	-873.34	2148
1198.05	-859.23	2140
1208.5	-513.97	2064
1116.82	-747.93	2193.43
1251.1	-479.65	2194
1211.51	-518.26	2130.89
1285.44	-365.28	2199.62
1276.47	-342.3	2156
1247.75	-319.75	2155.62
1295.79	-331.06	2203.62
1314.78	-363.72	2184
1275.47	-335.55	2164
1272.87	-338.26	2196
1290.41	-288.58	2180.12
1279.83	-336.64	2194
1291.21	-343.28	2182
1308.49	-338.65	2160
1290.99	-292.68	2188.62
1300.03	-427.58	2160.62
1304	-324	2170.62
1282.57	-346.43	2140
1314.33	-331.95	2174
1280.13	-678.4	2200.25
1294.77	-299.42	2240
1326	-414	2142.62
1311.97	-312.33	2086
1261.75	-276.3	2174
1306	-408	2182.12
1241.68	-280.47	2166
1314.12	-253.22	2195.62
1329.77	-428.51	2197.62
1289.11	-260.96	2234
1245.3	-251.11	2188
1240.41	-261.01	2190
1324	-422	2174.62
1272.37	-230.29	2206.12
1295.69	-287.92	2160
1317.73	-453.21	2204.62
1304.85	-213.8	2166.12
1314.85	-189.8	2208.12
1296	-418	2189.62
1260.63	-406.2	2166
1320	-206	2167.12
1301.95	-442.47	2150
1329.98	-433.44	2180
1278.86	-450.83	2156
1298	-200	2200.12
1328	-328	2167.62
1288	-394	2174.12
1324	-424	2179.62
1282	-496	2168.12
1292	-290	2182.62
1272.9	-232.66	2098
1299.32	-214.92	2176
1271.12	-222.68	2228
1322.38	-205.3	2282
1546.83	-497.09	2115.75
1293.9	-173.23	2182
1255.22	-472.99	2116
1306	-406	2161.62
1285.22	-200.29	2156
1308	-476	2188.62
1293.32	-172.05	2256
1234.51	-193.81	2196
1282	-396	2194.62
1276	-382	2195.62
1263.02	-513.45	2164
1324	-400	2154.62
1286	-226	2168.12
1274	-376	2164.12
1149.29	-660.9	2180
1140.17	-821.52	2182
1117.54	-645.27	2210
1162.37	-595.22	2258
1131.58	-682.19	2132
1155.52	-833.21	2152
1159.84	-830.83	2156
1179.22	-613.89	2206
1105.41	-727.25	2100
1155.77	-798.47	2242
1176.7	-613.78	2208
1167.48	-647.88	2132
1116.12	-670.36	2172
1106.74	-705.89	2156
1156.21	-674.25	2180
1129.55	-605.22	2182
1140.54	-649.18	2166
1144.96	-586.04	2198
1138.47	-617.96	2232
1143.35	-700.29	2186
1138.53	-656.95	2180
1137.7	-681.48	2184
1147.13	-681.45	2140
1153.11	-541.24	2166
1114.44	-703.7	2130
1146.06	-579.58	2186
1115.81	-800.2	2124
1135.44	-746.51	2150
1158.57	-535.01	2150
1153.17	-559.81	2168
1199.71	-677.45	2172
1178.25	-685.14	2180
1144.58	-756.46	2082
1117.17	-714.29	2129.22
1096.2	-723.84	2220.22
1176	-720	2200.22
1542.64	-652.41	2157.22
1236.26	-604.75	2220.22
1108.66	-623.7	2224.72
1056.49	-682.77	2120.22
1118.93	-713.36	2188.22
1095.97	-736.55	2209.22
1171.02	-724.82	2236.22
1096.38	-690.04	2184.22
1178.97	-721.72	2208.22
1456.09	-2.39	2182.5
1213.06	-346.19	2225.25
1178.36	-357.22	2209.75
1182.59	-335.69	2187.25
1198.37	-282.16	2165.75
1208.53	-328.86	2193.25
1204.53	-332.86	2192.75
1179.91	-399.87	2190.75
1226	-308	2178.25
1216.91	-392.84	2196.75
1218.91	-410.84	2203.25
1202.78	-353.59	2208
1195.91	-381.87	2185.75
1227.14	-377.54	2204
1203.46	-335.08	2258
1181.08	-407.35	2204.25
1213.29	-281.47	2212
1211.54	-294.66	2136
1176.36	-307.16	2180
1227.09	-353.78	2218
1222.25	-416.83	2204.25
1199.5	-422.4	2194.75
1198.87	-267.72	2180.25
1191.45	-353.59	2182
1213.57	-248.48	2156
1175.7	-258.24	2206.25
1193.41	-420.31	2228.25
1205.41	-448.31	2149.25
1198.58	-471.79	2179.75
1224.58	-435.79	2196.75
1199.32	-257.46	2214
1206.98	-395.34	2164
1180.58	-487.79	2181.75
1189.75	-465.27	2163.25
1178.37	-266.95	2194
1197.75	-461.27	2199.25
1213.77	-227.52	2092
1177.3	-265.35	2218
1196	-176	2212.75
1221.75	-489.27	2183.25
1212	-478	2162.25
1227.74	-234.37	2236
1218	-518	2177.25
1348.16	-280.58	2229.5
1174.21	-507.5	2183.25
1587.97	-473.71	2146.5
1209.28	-488.23	2166
1637.4	-373.4	2170.5
1222	-498	2156.75
1169.55	-193.64	2174
1212	-396	2196.25
1226	-426	2166.75
1178	-188	2174.25
1186	-496.14	2202
1217.5	-498.49	2177.25
1230.96	-511.71	2154
1192.79	-571.47	2182.25
1236.12	-165.74	2104
1178	-406	2170.75
1093.57	-679.25	2152
1101.44	-709.98	2132
1063.54	-701.81	2168
1124.14	-707.03	2144
1115.6	-656.88	2172
1117.63	-678.98	2106
1081.33	-687.16	2232
1057.91	-688.15	2152
1078.92	-607.96	2195.45
1123.45	-686.41	2104
1082	-714	2191.45
1082.43	-750.96	2186
1062.68	-630.33	2164
1081.33	-719.49	2184.3
1100	-698	2173.45
1032.27	-698.71	2150.3
1070.36	-640.65	2190
1082.82	-750.25	2146
1131.73	-618.41	2242
1068.77	-781.39	2172
1121.16	-619.14	2136
1093.66	-592.54	2112
1066.76	-752.74	2192
1088.73	-777.75	2154
1016.25	-715.58	2216.8
1074	-828	2208.45
1059.68	-782.43	2122
1104	-572	2150.45
1118	-674	2159.45
1097.66	-541.84	2169.45
1095.14	-849.83	2199.45
1067.29	-592.01	2142
1078.22	-800.75	2184
1055.66	-610.18	2170
1070.93	-566.01	2140
1118.5	-548.61	2158
1056.62	-536.71	2188
1082.41	-826.81	2190.45
1122.91	-534.98	2168
1092	-676	2199.45
1078.75	-860.86	2132
1087.31	-854.97	2240
1092	-674	2200.45
1080.15	-818.59	2196
1074	-704	2212.45
1111.81	-543.38	2132
1096	-700	2211.45
1114	-876	2176.45
1094	-894	2161.45
1051.73	-527.57	2182
1079.9	-525.7	2144
1055.21	-883.14	2130
1082.19	-508.09	2208
1126	-824	2195.45
1124	-810	2182.45
1138.66	-319.88	2204
1172.25	-290.47	2200
1156.93	-318.45	2170
1130.33	-380.94	2166
1099.28	-301.96	2172
1134.84	-273.68	2206
1141.11	-277.22	2205.72
1158.96	-309.27	2174
1116.46	-415.16	2222.72
1115.33	-295.91	2152
1146.01	-294.17	2170
1101.07	-355.87	2182
1156.05	-278.78	2182
1149.55	-423.72	2202
1160.49	-257.61	2174
1145.04	-259.95	2188
1142.16	-407.62	2188
1121.85	-242.52	2168
1141.55	-431.36	2172
1164.33	-439.06	2160
1110.51	-423.18	2190
1109.82	-243.76	2192
1173.67	-267.23	2220
1150.74	-402.88	2256
1130.25	-443.2	2120
1127.25	-197.21	2206
1154.98	-232.26	2174
1155.41	-221.63	2154
1100.1	-465.27	2158
1171.11	-162.85	2164
1162.3	-213.36	2184
1150.16	-457.64	2182
1153.89	-450.92	2228
1167.19	-175.83	2152
1180.74	-153.95	2172
1169.13	-109.51	2209.72
1125.52	-199.6	2138
1206.82	-148.39	2162
1173.64	-164.53	2128
1084.03	-526.57	2136
1156.05	-179.16	2196
1159.9	-133.9	2188
1171.02	-76.48	2205.72
1019.1	-687.74	2210
1040.08	-668.46	2194
1011.61	-637.92	2150
1077.93	-700.24	2158
997.36	-680.21	2174
1101.98	-776.18	2203.2
1036.63	-643.07	2178
1010	-722	2212.79
1038.59	-730.69	2210
991.5	-658.73	2210
1031.04	-685.75	2216
1033.89	-636.22	2190
1137.88	-535.23	2194.2
1032.36	-665.86	2190
1022	-724	2197.79
1025.59	-742.25	2130
1007.65	-803.71	2188.79
1038.97	-638.52	2216
1015.65	-773.71	2215.79
977.04	-764.47	2181.79
1057.54	-642.21	2236
1025.38	-572.75	2190
980	-702	2155.79
1038.36	-597.82	2212
1022.56	-622.46	2144
1029.71	-591.66	2142
1022.83	-611.13	2169.79
1028	-517.83	2186
1028	-730	2193.79
1001.77	-598.79	2205.79
994	-676	2178.79
970	-782	2196.79
1008	-678	2189.79
970	-782	2173.79
978	-774	2197.79
1014.51	-423.61	2170
1066.4	-305.58	2160
1094.71	-355.81	2150
1117.12	-312.12	2192
1083.7	-327.46	2178
1058.17	-332.63	2160
1076.1	-330.02	2156
1111.5	-301.41	2162
1101.01	-300.93	2156
1092.3	-332.76	2182
1110	-392	2198.25
1106	-316	2238.75
1063.2	-365.31	2180
1095.03	-304.01	2184
1235.66	-379.74	2231
1090.73	-381.35	2200
1079.68	-306.06	2172
1036.63	-379.94	2186
1051.36	-371.25	2054
1025.75	-419.73	2180
1074.52	-205.41	2184.75
1103.32	-251.25	2272
1073.81	-280.72	2208
1370.14	122.73	2204.5
1114.58	-234.82	2200
1112.26	-234.44	2202
1087	-433.3	2210
1115.18	-221.97	2180
1052.73	-416.88	2080
1092.7	-248.46	2142
1047.11	-428.93	2230
1076.94	-195.91	2192.25
1074.65	-225.21	2206
1128	-372	2185.25
1068.97	-440.14	2170
1074	-198	2219.75
1087.35	-194.52	2152
1098	-218	2217.25
1044.94	-443.35	2186
1062.89	-201.2	2196
1072	-208	2189.75
1096.58	-182.55	2138
1060.71	-162.31	2212
1068.15	-200.14	2258
1098	-190	2230.75
1093.22	-138.3	2164
1089.26	-482.73	2268
1307.28	-63.33	2152
1065.49	-163.67	2176
1065.71	-179.71	2176
1124	-294	2208.25
1074	-406	2206.75
1052.12	-502.26	2152
1654.42	-14.95	2086
1679.11	-20.43	2108
1662.51	-53.27	2142
1664.86	-24.66	2134
1668.67	-18.72	2134
1657.87	16.49	2110
1646.46	23.26	2122.73
1636.55	-37.46	2142
1828.06	35.1	2136.73
1627.95	-76.41	2150
1676.33	-66.8	2112
1636.53	-63.28	2142
1662.01	79.05	2160
1631.67	53.9	2106
1673.32	35.08	2124
1654.76	-93.49	2090
1635.83	90.78	2118
1636.79	62.02	2064
1624.32	-166.41	2128
1845.51	-3.39	2147.73
1656.39	-173.6	2132
1723.97	365.02	2258
1765.25	297.2	2260
1772.38	189.16	2224
1768.38	418.7	2118
1735.78	346.97	2102
1770.97	506.18	2206
1743.66	375.7	2192
1742.29	329.35	2192
1737.78	322.49	2188
1718.41	314.17	2200
1772.91	345.76	2180
1753.39	528.18	2148
1762.03	271.48	2182
1712.94	346.7	2182
1724.2	324.02	2198
1730.06	275.11	2180
1771.33	382.7	2206
1762.45	281.71	2252
1746.2	419.28	2136
1761.45	291.54	2200
1720.02	402.31	2150
1747.97	280.75	2136
1755.62	334.03	2188
1778.08	344.39	2278
1750.06	280.45	2182
1719.78	302.25	2154
1436	177.5	2121.25
1894	271.5	2159.75
1976	231.5	2180.75
1824	243.5	2227.25
1856	365.5	2196.25
1804	385.5	2146.25
1802	363.5	2146.75
1852	301.5	2105.75
1790	225.5	2136.25
1462	171.5	2175.75
1974	325.5	2188.25
1601.19	-39.6	2112
1576.1	-60.98	2149.01
1625.66	20.77	2176
1623.87	-100.62	2174.01
1625.41	1.62	2114
1626	0	2177.01
1604.33	-67.83	2038
1612.88	8.77	2134
1602.09	-33.76	2116
1620.05	-55.93	2104
1629.16	51.02	2134
1622.69	-129.38	2143.01
1611.71	78.37	2139.68
1600	-82	2167.01
1635.32	39.43	2128
1616	-18	2129.01
1546.4	-129.26	2148.18
1632.02	57.82	2146
1582	16	2147.01
1643.61	-85.62	2146
1640.55	-109.31	2134
1618	-12	2159.01
1614.36	65.88	2062
1600	-122	2131.01
1630.26	-119.19	2110
1631.1	-146.08	2176
1561.97	-116.62	2095.68
1641.53	-150.46	2120
1039.73	-346.79	2236.02
1017.33	-332.18	2194
1033.84	-336.45	2230
1016.51	-319.81	2234
1019.82	-354.25	2206
990.13	-377.49	2226.02
1031.8	-330.44	2250
1014.44	-360.29	2186
1030.7	-344.01	2238
1035.46	-332.18	2240
1011.5	-356.41	2154
1021.12	-261.43	2210
1014.08	-373.91	2218
1008.82	-384.02	2278
984	-306	2241.02
1010.78	-260.48	2196
1023.88	-281.18	2264
984	-414	2238.02
1009.59	-361	2248
1012.95	-418.65	2132
996.39	-402.48	2194
993.53	-233.91	2174
1017.04	-223.28	2272
1087.08	-285.05	2218.85
1020.7	-248.7	2238
988.21	-229.77	2234
1047.1	-398.43	2258
1000	-398	2228.02
1015.54	-226.68	2232
1043.5	-216.97	2246
978	-396	2186.02
1016	-324	2244.02
1006.37	-478.66	2234
934.7	-292.4	2242
952.16	-297.93	2236
949.57	-323.77	2248
961.15	-317.15	2248
977.39	-320.72	2278
957.43	-318.31	2214
984.12	-345.24	2278
957.09	-342.41	2240
953.42	-339.61	2276
969.31	-277.37	2220
959.53	-263.67	2260
963.3	-397.97	2260
950.45	-258.81	2298
1148.3	-330.79	2214.17
1016.06	-254.38	2200
992.68	-425.81	2236
943.86	-217.39	2298
1010.65	-181.54	2248.5
973.97	-219.37	2258
992.22	-210.58	2196
959.78	-170.44	2244
965.7	-204.69	2248
967.1	-159.21	2268
980.11	-460.29	2260
916.83	-445.7	2280
949.4	-467.88	2276
1004.81	-175.37	2292
976.8	-157.6	2274
931.62	-147.94	2264
1004.39	-211.61	2230
996	-118	2266
918.18	-117.79	2266
995.42	-181.07	2221.5
949.31	-118.03	2302
980.03	-116.39	2238
952.47	-98.66	2270
980.16	-128.77	2276
960.68	-134.12	2254
937.83	-121.05	2270
892.78	-285.78	2251
899.17	-312.86	2253
867.91	-261.51	2250.92
922.08	-291.02	2265
854.99	-324.39	2223
917.75	-353.04	2225
850.49	-306.09	2271
926.05	-328.36	2235
912.14	-352.06	2230.92
871.23	-305.1	2257
898.66	-243.69	2235
892.73	-350.47	2217
881.96	-360.72	2268.92
877.03	-200.64	2235.92
829.27	-354.22	2321
908.76	-384.12	2211
886.85	-257.53	2227
934.62	-232.58	2211
921.42	-221.9	2231
904.21	-217.51	2219
925.86	-434.5	2253.92
935.6	-219.86	2223
908	-382	2255.92
936.77	-200.07	2257
880	-306	2255.92
907.77	-431.66	2251
920	-204	2256.92
886	-294	2224.92
895.61	-386.37	2265
901.72	-197.32	2283
904.2	-413.59	2205
880.32	-196.08	2301
912.89	-201.56	2249
904.94	-142.95	2193
886.67	-443.54	2291
876.61	-164.77	2241
890.37	-118.48	2259
811.44	-305.85	2242
873.98	-275.92	2268
799.81	-304.82	2254
813.33	-308.26	2248
836.45	-291.65	2220
819.32	-296.88	2222
858.01	-290.63	2254
805.58	-318.88	2232
826.34	-283.37	2282
831.13	-327.86	2254
866.28	-264.66	2268
826.76	-352.24	2230
817.81	-247.69	2258
800.03	-232.7	2240
833.79	-218.66	2250
817.5	-203.16	2254
817.97	-218.38	2230
853.88	-211.51	2280
829.13	-234.34	2274
870.06	-219.99	2222
818.9	-198.26	2248
841.67	-196.83	2258
831.01	-215.92	2222
815.89	-439.9	2258
827.16	-167.33	2250
853.71	-132.87	2202
838.79	-419.59	2210
830.31	-465.33	2308
844.1	-126.23	2260
826.97	-427.42	2234
846.72	-147.52	2246
798.57	-139.83	2236
813.37	-128.6	2246
875.25	-121.7	2264
705.6	-316.69	2306
685.93	-295.91	2308
679.57	-269.27	2280.21
692.22	-306.52	2332
669.3	-243.61	2264
683.23	-300.21	2290
676.87	-270.3	2350
694	-184	2296.47
672	-276	2276.22
704.71	-228.91	2313.22
703.19	-249.8	2264
651.93	-249.97	2248
668.05	-357.7	2256
666.44	-217.49	2228
697.18	-374.03	2266
719.8	-224	2326
725.12	-224.26	2269.9
695.87	-207.34	2224
673.31	-190.32	2278
718.81	-216.68	2224
717.11	-224.13	2216
716.94	-211.52	2226
660.04	-379.16	2284
681.06	-171.13	2224
702.97	-400.8	2328
664.86	-151.87	2258
699.67	-425.82	2284
704.1	-178.4	2280
710.21	-124.92	2310
721.42	-287.07	2260
726.47	-302.94	2268
751.17	-321.35	2274
731.88	-286.34	2298
743.33	-278.34	2290
736.99	-267.34	2318
704.52	-287.49	2294
724.54	-281.06	2256
712.41	-311.56	2284
676.87	-283.11	2300
667.38	-253.56	2270
729.31	-350.44	2286.45
680.41	-249.26	2266
720	-290	2288.36
730.7	-262.39	2270
734.84	-342.62	2308
746.87	-355.45	2290
702.74	-300.95	2322
719.78	-254.17	2260
712.82	-368.09	2298
743.34	-255.11	2270
685.05	-243.24	2290
718.08	-373.66	2308
737.81	-345.56	2260
710.89	-221.78	2280
657.82	-410.19	2296
670.92	-401.54	2272
760.2	-214.86	2308.15
710.34	-148.26	2266
724	-298	2319.72
683.54	-145.06	2274
697.1	-185.19	2272
662.58	-160.02	2286
695.14	-413.29	2262
759.69	-159.2	2260
692.42	-129.06	2270
718	-330	2250.6
753.71	-141.39	2258
735.82	-124.97	2280
720	-288	2299.6
740.06	-136.33	2276
649.94	-267.82	2275.51
599.18	-291.69	2314
638.52	-302.06	2296
618.94	-290	2330
621.32	-283.75	2300
633.28	-269.3	2286
653.28	-278.31	2276
668.5	-288.15	2302
640.1	-306.13	2276
636.35	-301.31	2244
647.48	-307.01	2322
617.75	-265.2	2242
613.53	-316.22	2272
597.09	-317.46	2276
636.66	-286.26	2272
626.97	-258.92	2332
608.31	-280.78	2268
608.63	-337.53	2299.51
597.56	-254.93	2262
653.53	-310.14	2304
645.52	-276.43	2292
647.35	-222.11	2288
594.8	-349.11	2272.51
638.13	-242.85	2298
631.56	-344.15	2222
643.35	-245.69	2314
646.05	-367.51	2302
634.49	-376.82	2288
611.73	-207.83	2298
635.27	-392.55	2305.01
617.56	-364.46	2292
589.7	-375.61	2314
617.14	-186.18	2328
612.04	-399.56	2336
621.23	-408.52	2276
586.15	-380.5	2262
649.17	-409.88	2306
644.25	-450.52	2302
653.62	-146.42	2306
614.95	-440.34	2278
604	-424	2320.51
648.83	-119.73	2344
565.23	-263.35	2322.67
527.53	-271.92	2293
556.3	-312.99	2305
549.98	-266.93	2287
599.05	-318.86	2327
557.79	-260.44	2325
530.68	-280.85	2323
582.19	-194.75	2318.67
552.18	-244.69	2305
585.61	-232.1	2289
551.48	-330.02	2273
535.2	-229.29	2287
596.19	-234.48	2337
613.86	-208.2	2359
584.87	-218.71	2261
581.66	-334.83	2291
548.52	-222.07	2339
580.6	-205.61	2273
574	-174.59	2335
538.73	-389.06	2371
524.7	-365.7	2365
585.13	-197.3	2293
616	-200	2299.67
560.71	-160.3	2299
551.55	-380.02	2297
563.95	-150.93	2291
590.95	-149.52	2325
620	-174	2315.67
473.41	-220.4	2287
545.09	-369.24	2305
516.33	-405.98	2289
490	-222	2309.2
482.46	-390.68	2301
476	-292	2285.2
501.66	-201.45	2297
497.11	-160.5	2295
499.81	-204.02	2311
496	-330	2309.2
470	-86	2334.2
526.45	-411.1	2317
505.53	-266.58	2331
504.92	-299.14	2293
471.13	-181.38	2247
498.44	-200.25	2305
500.39	-227.46	2305
512	-390	2295.2
570.74	-131.84	2337
521.18	-258.72	2351
545.16	-143.83	2335
448.48	-343.34	2283
514.7	-265.8	2289
472	-194	2318.2
500.44	-236.01	2381
527.77	-187.44	2329
520	-176	2321.2
529.19	-276.7	2341
519	-208.11	2291
484	-204	2304.2
500	-414	2329.2
499.75	-312.79	2283
488	-188	2344.2
484	-326	2289.2
536.87	-316.07	2307
543.75	-135.17	2369
494	-176	2299.2
547.85	-167.3	2316.8
529.39	-206.91	2335.8
550.66	-118.83	2270.8
516.37	-169.37	2302.8
580.76	-174.21	2285.3
562.34	-165.53	2322.8
571.69	-196.81	2325.3
544.43	-113.56	2279.8
549.64	-123.28	2312.8
550.66	-118.83	2269.3
546.92	-69.79	2270.8
438.26	-255.31	2364
414.27	-261.52	2352
400	-308	2329.5
401.1	-245.41	2372
413.4	-278.95	2262
393.69	-243.06	2322
429.59	-270.27	2342
452.01	-248.62	2380
784.25	-678.48	2366
410	-270.49	2342
787.26	-712.98	2317.5
402.13	-234.68	2286
432.62	-298.08	2356
358.95	-1485.1	2351.5
457.84	-248.81	2368
437.03	-244.02	2382
388	-222	2347
470.24	-180	2378
780.89	-568.03	2374
397.88	-200.81	2334
424.46	-195.49	2410
784.93	-562.7	2322
426	-230	2316.5
434.04	-174.44	2354
392.1	-164.3	2376
427.03	-203.91	2426
385.79	-337.36	2420
824.26	-684.81	2298.5
403.6	-199.86	2350
431.31	-156.19	2366
440.03	-378.06	2388
376	-390	2333
423.93	-357.21	2340
442.34	-384.48	2394
427.31	-72.71	2342
378	-272	2301
476.1	-399.18	2310
432.04	-418.6	2322
446.31	-392.44	2364
1236.03	-763.93	2342.5
456.65	-166.73	2292
770.41	-581.95	2310.5
419.57	-391.66	2356
404.49	-1518.02	2335
433.73	-445.15	2368
421.98	-435.14	2362
1573.96	-36.87	2162
1530.28	-34.3	2148
1533.32	0.1	2176
1560.38	-50.38	2146
1530.38	-26.39	2130
1626	-86	2167.7
1526.11	28.38	2166
1549.25	33.88	2142
1557.22	-57.42	2130
1515.18	25.99	2124
1544.76	11.52	2158
1547.07	22.18	2146
1537.65	25.98	2122
1526.23	67.49	2224
1555.8	62.31	2138
1539.06	-76.43	2198
1568.28	-88.15	2114
1549.33	84.86	2182
1476	-112	2121.2
1585.54	62.58	2140
1521.6	-91.93	2192
1524.01	-90.83	2178
1540.54	93.73	2140
1559.7	-112.56	2092
1454	100	2134.7
1544.65	97.5	2168
1804	-780	2167.2
1540.22	-143.96	2146
1595.99	111.39	2194
1566.9	152.51	2136
1577.31	164.22	2206
1573.15	161.71	2212
1584.25	133.18	2160
1533.49	-203.57	2236
1541.79	-160.66	2168
1542.2	-170.11	2140
1508.23	-212.6	2148
1680.47	353.31	2182
1686	302	2131.43
1690.49	414.05	2160.43
1696.79	392.68	2220
1720.07	273.74	2206
1695.99	293.27	2168.43
1743.27	382.18	2140
1694	324	2147.43
1706.51	406.18	2202
1693.18	343.61	2144
1708	282	2159.43
1708.13	385.11	2164
1726.27	378.64	2110
1728.87	427.73	2153.43
1692.78	365.56	2228
1686	298	2127.43
1695.55	250.88	2116
1672.89	348.26	2112
1695.17	283.23	2126
1738.61	399.56	2139.43
1734.16	281.19	2134
1695.61	357.42	2142
1741.41	275.6	2124
1713.9	465.25	2102
1730.13	402.32	2114
1729.96	303.08	2164
1659.84	248.02	2136
1743.82	359.34	2138
1713.19	294.66	2218
1695.62	289.78	2139.43
1726.61	399.56	2121.43
1638.72	57.11	2158.29
1611.05	370.36	2198.29
1598.65	25.9	2166.29
1476.03	-13.9	2166
1495.88	-35.98	2184
1518.97	10.57	2158
1489.18	8.84	2138
1575.14	31.46	2164.94
1503.59	31.1	2182
1508.53	44.42	2086
1507.87	10.55	2216
1539.25	41.52	2138
1507.07	7.78	2162
1505.42	-72.43	2082
1509.95	62.24	2104
1503.73	-57.62	2166
1534.44	37.43	2154
1484	70	2183.41
1473.82	64.42	2098
1516.37	-53.79	2194
1468.83	86.81	2156
1528	80	2154.41
1529.91	-68.58	2190
1485.95	-121.21	2165.41
1526.5	93.45	2154
1494.62	-111.46	2196
1512	-6	2176.41
1519.08	105.91	2228
1511.77	128.94	2174
1486	-74	2180.41
1474	118	2150.41
1496.05	130.18	2208
1546.56	119.35	2180
1522.77	-166.59	2211.94
1527.67	117.22	2220
1474.45	136.07	2138
1508	86	2155.41
1400.64	-9.72	2184.83
1441.14	-10.79	2226
1447.65	34.26	2218
1424.54	6.09	2162
1469.65	-8.82	2218
1417.18	18	2194
1382.94	-16.71	2172
1440.44	-32.4	2212
1430.68	-6.13	2174
1439.42	55.25	2208
1457.51	40.08	2218
1453.6	-93.7	2212
1456.06	40.31	2200
1409.88	85.79	2170
1432.26	-95.46	2174
1417.31	-74.39	2160
1443.42	-75.96	2152
1449.12	78.72	2160
1451.22	92.08	2200
1425.7	116.24	2134
1440.3	-145.43	2192
1434.7	142.7	2180
1439.34	141.93	2192
1424.27	-117.26	2182
1415.35	-137.88	2198
1458.65	183.6	2182
1454.1	166.46	2146
1465.69	180.29	2192
1404	-184	2191.83
1425.29	170.86	2228
1384	-194	2149.33
1486.99	186.09	2220
1390	-186	2175.83
1459.41	-180.73	2144
1376.87	-160.64	2210
1424	-198	2172.33
1621.12	346.31	2177
1630.39	336.81	2147
1656.97	336.37	2177
1642.76	330.66	2101
1651.95	316.93	2163
1627.21	307.95	2163
1615.36	329.78	2103
1644.48	357.5	2211
1662.25	387.16	2145
1665.01	403.42	2129
1620.97	363.4	2233
1652.21	345.41	2189
1647.37	421.84	2153
1687.8	396.88	2193
1674.87	417.86	2119
1643.39	309.4	2167
1637.29	420.42	2127
1625.56	299.66	2141
1655.13	308.36	2135
1656.39	275.6	2181
1608.34	286.49	2173
1664.91	285.43	2147
1644.66	245.38	2165
1657.24	450.04	2153
1614.55	264.89	2185
1646.49	453.14	2149
1662.16	242.67	2113
1674.31	462.51	2177
1649.57	248.95	2105
1637.15	219.33	2165
1643.45	233.85	2159
1679.01	220.39	2153
1631.08	479.56	2139
1393.62	45.21	2252
1392.54	0.39	2210
1366.8	4.9	2170
1328.18	-4.01	2128
1400.88	38.64	2160
1419.67	-20.96	2208
1374.09	9.31	2182
1394.34	4.84	2168
1350.9	-30.64	2192
1385.41	93.24	2197.33
1362.44	64.11	2211.83
1389.55	24.15	2128
1363.78	22.42	2214
1393.76	-65.78	2232
1378.72	44.18	2114
1385.36	-52.84	2174
1645.27	-474.89	2199.22
1387.77	-33.25	2188
1414.29	47.82	2250
1407.49	110.51	2184.33
1383.83	-80.05	2150
1376.39	-85.56	2150
1353.59	-70.72	2272
1376	92	2206.83
1374.12	-60.03	2098
1429.18	61.48	2204
1363.05	135.43	2165.33
1379.71	-66.66	2182
1376.38	-65.61	2128
1395.34	101.68	2116
1412.61	130.35	2193.83
1364.29	-60.97	2168
1400.23	75.76	2200
1399.36	140.81	2206
1358.57	-113.68	2192
1377.44	183.51	2175.83
1374	78	2206.83
1377.29	142.28	2158
1391.71	-101.69	2164
1372.48	-154.96	2226
1336.57	-143.57	2174
1420.26	151.65	2210
1325.08	-140.49	2166
1374	-8	2195.83
1350.15	-159.94	2180
1382.24	-133.84	2160
1567.06	363.57	2204
1594.73	327.01	2156
1634.39	335.88	2158
1621.51	356.91	2185.5
1622.94	382.97	2173.5
1620.99	324.51	2172
1600	406	2186.5
1566.44	391.54	2187
1623.19	329.53	2191.5
1599.81	399.26	2157
1599.57	390.05	2130
1615.18	253.46	2180.5
1588	318	2207.5
1610	414	2206
1557.79	348.41	2190
1609.38	343.16	2142
1615.62	361.67	2256
1574.76	381.36	2126
1625.87	283.61	2195.5
1612.41	299.51	2194
1595.32	377.33	2162
1601.48	254.82	2192
1573.96	432.46	2226
1603.51	377.76	2196
1594.69	354.17	2156
1570.64	349.64	2150
1594.38	330.38	2168
1616.07	352.66	2168
1815.55	17.78	2126
1576.2	300.76	2184
1589.68	314.95	2194
1603.54	335.2	2186
1600.94	380.81	2192
1591.86	324.49	2180
1653.96	324.89	2144
1605.44	321.29	2210
1584.93	256.71	2153.5
1614	298	2160
1300.64	-9.72	2184.83
1341.14	-10.79	2226
1347.65	34.26	2218
1324.54	6.09	2162
1369.65	-8.82	2218
1317.18	18	2194
1282.94	-16.71	2172
1340.44	-32.4	2212
1330.68	-6.13	2174
1357.51	40.08	2218
1356.06	40.31	2200
1309.88	85.79	2170
1317.31	-74.39	2160
1349.12	78.72	2160
1351.22	92.08	2200
1340.3	-145.43	2192
1339.34	141.93	2192
1315.35	-137.88	2198
1365.69	180.29	2192
1304	-184	2191.83
1325.29	170.86	2228
1386.99	186.09	2220
1290	-186	2175.83
1315.35	-137.88	2198
1358.65	133.6	2182
1354.1	136.46	2146
1365.69	140.29	2192
1304	-154	2191.83
1325.29	170.86	2228
1284	-194	2149.33
1290	-146	2175.83
1359.41	-140.73	2144
1276.87	-120.64	2210
1328.65	63.6	2182
1314.1	106.46	2146
1335.69	100.29	2192
1305.29	170.86	2228
1756.97	286.74	2163.41
1533.71	327.88	2184
1533.3	368.83	2194
1566.26	362.91	2190
1528.75	310.46	2172
1538.09	406.04	2188
1555.98	276.19	2192
1551	286.21	2154
1557.87	254.16	2190
1522.2	250.16	2196.11
1559.12	436.22	2210
1525.38	275.61	2150
1567.2	424.1	2174
1518.68	251.95	2182
1522.26	254.82	2164
1531.18	473.41	2172
1512.45	236.17	2170.11
1514.18	449.23	2176
1532.83	253	2206
1517.78	198.18	2244
1526.97	508.08	2208
1493.24	211.77	2226
1530.49	492.77	2194
1525.33	238.31	2130
1516.66	208.6	2138
1526.66	235.33	2194
1506.74	240.62	2228
1557.11	522.42	2176
1543.23	525.62	2188
1538.02	219.1	2192
1548.21	191.3	2152
1232.97	22.47	2208
1304.26	46.41	2212
1259.3	27.43	2230
1231.26	40.23	2230
1261.38	-16.38	2238
1210.69	9.05	2240
1265.85	55.17	2198
1303.21	58.43	2221.86
1483.85	119.46	2191.57
1412.39	-374.19	2231.07
1239.35	21.55	2234
1236.31	21.65	2238
1257.55	9.27	2178
1225.16	73.72	2222
1259.86	26.38	2214
1221.49	-6.69	2198
1239.47	56.07	2202
1240.43	43.66	2230
1212.98	-63.62	2198
1275.01	-41.66	2194
1218.99	-70.76	2216
1236.32	-32.31	2192
1250.27	-38.61	2194
1241.93	-55.14	2274
1224.15	-83.23	2230
1238.44	-86.86	2238
1248.49	-93.52	2208
1255.87	-105.45	2206
1287.53	136.3	2202
1314.34	159.43	2274
1191.08	-101.1	2252
1265.14	-115.26	2240
1297.96	159.04	2203.36
1252.47	-144.75	2248
1254.89	137.86	2246
1282.79	188.44	2222
1266.64	-108.68	2300
1286.57	167.72	2244
1267.69	172.02	2200
1216.76	-136.2	2252
1264.56	185.75	2254
1267.04	-165.32	2202
1241.85	-146.36	2282
1310.29	221.84	2226
1479.99	374.73	2187
1470.49	337.11	2113
1451.13	376.9	2237
1434.07	343.81	2199
1446.51	376.65	2167
1472	418	2196.99
1452.78	361.98	2189
1480.1	400.46	2207.99
1480.08	360.71	2149
1483.49	434.92	2188.99
1488.6	368.58	2219
1506	412	2220.99
1501.98	377.77	2179
1466.97	320.74	2219
1524.44	415.89	2180.99
1487.51	397.28	2221
1528	408	2230.99
1504.31	451.39	2189.99
1501.96	307.02	2176.99
1484	374	2219.99
1461.49	316.17	2191
1461.89	270.03	2171
1506.26	464.57	2163.99
1484.85	314.76	2171
1457.78	443.29	2185
1453.93	254.32	2217
1459.12	291.18	2179
1468.98	287.33	2187.99
1452.8	479.74	2199
1464.41	249.04	2131
1457.1	432.27	2221
1494.55	490.1	2189.99
1444.68	271.65	2145
1465.45	457.9	2181
1474.07	246.44	2173
1470.58	239.89	2125
1467.58	236.9	2209
1482	508	2177.99
1493.47	497.03	2245
1475.36	513.06	2127
1485.54	517.93	2221
1459.01	217.41	2257
1486.26	560.38	2161
1503.97	537.91	2177
1472	386	2229.99
1464.94	308.7	2209.99
1195.43	0.53	2222
1246.81	2.16	2202
1205.99	-61.67	2206
1175.8	123.95	2235.88
1141.13	-40.31	2178
1166.6	-56	2182
1144.46	-34	2144
1202.65	106.71	2200
1205.45	-56.13	2192
1188.09	-78.64	2134
1169.91	-85.88	2206
719.12	1517.36	2187.25
1196.83	-65.9	2164
1178.41	-66.74	2180
1203.04	199.26	2248.38
1205.04	201.26	2211.38
1213.34	-109.59	2164
1145.42	98.47	2180
1180.71	-132.1	2222.88
1160.92	112.63	2154
1214.92	-121.88	2204
1183.66	176.46	2142
1172.63	173.37	2076
1170	100	2206.38
1170.59	162.99	2190
1240.85	-133.64	2210
1154.67	192.26	2192
1179.93	155.99	2258
1217.71	-124.75	2228
1212	102	2220.38
1228	76	2228.38
735.75	-1371.91	2237.25
1154.64	171.96	2158
1184	14	2252.88
1229.64	194.36	2162
1172	-178	2221.38
1182.4	211.88	2204
1170	-184	2242.38
1591.61	261.58	2262.25
870.63	-1474.77	2164.25
1185.44	-172.32	2180
1220	100	2223.88
1195.43	-185.99	2204
1192.36	-139.38	2174
1211.01	233.46	2174
1156.36	245.58	2130
1174	-92	2209.88
1211.58	-166.63	2212
573.69	1524.08	2160.25
1245.26	-183.27	2194
1210	14	2243.38
1196	26	2237.38
1163.62	-201.78	2108
1232.02	-178.27	2196
1186.94	247.46	2286
1228	-216	2209.88
1216	128	2174.38
1598.14	694.71	2224.25
1169.33	-215.46	2178
1208.22	-205.32	2172
1208.44	-179.12	2214
1164.99	273.97	2264
1176.63	-228.95	2184
1191.11	-192.41	2174
1182.87	-200.28	2124
1182.02	-201.54	2134
1184	14	2207.88
1188	-172	2202.88
1192	-6	2231.38
1224	96	2242.38
1399.86	396.36	2221.88
1427.21	355.61	2230
1440.84	326.95	2158
1662.06	234.5	2231.25
1381.93	368.43	2210
1426.96	354.81	2236
1413.86	361.04	2166
1412.7	354.69	2148
1415.35	377.56	2180
1425.44	285.27	2202.38
1439.44	285.27	2234.38
1405.02	346.84	2234
1396.74	304.94	2185.38
1404	310	2207.88
1378.74	330.94	2188.88
1430.74	282.94	2216.38
1405.27	391.17	2106
1446.41	356.53	2198
1392.74	278.94	2216.38
1422	300	2186.38
1418.39	399.72	2250
1422.53	286.39	2232.88
1437.48	299.9	2174
1398.25	293	2195.38
1420.53	300.39	2216.88
1392	288	2234.88
1427.66	311.55	2248
1385.65	322.25	2162
1402	412	2199.38
1406	394	2218.88
1427.58	321.76	2174
1424.61	407.12	2168.75
1404.53	434.97	2202
1421.5	416.01	2122
1406.12	265.29	2070
1404.49	305.45	2200
1378	410	2147.25
1393.29	283.04	2204
1399.29	278.04	2176
1372	420	2187.38
1443.82	246.2	2198
1426.17	222.08	2228.38
1428	324	2206.38
1419.21	278.34	2214
1436.35	471.99	2170
1391.27	260.42	2188
1414	234.13	2216
1404	178	2221.38
1430.03	254.31	2170
1374	204	2234.88
1414.55	200.78	2158
1670.09	249.33	2214.25
1443.48	500.59	2256
1122.87	34.18	2168
1127.05	-687.89	2197
1128.34	26.18	2216
1098.19	33.5	2249
1126.86	51.31	2124
1104.29	48.11	2104
1152.42	50.36	2206
1103.3	52.38	2156
1126.48	24.39	2230
1120.12	-7.79	2258.5
1100.02	87.76	2188
1137.64	28.45	2156
1116.3	-14.51	2258
1161.67	-7.95	2214
1103.44	17.35	2248
1156.48	82.44	2214
1110.95	-4.69	2192
1159.79	82.37	2180
1123.61	-60.9	2257.5
1095.61	-88.9	2199
1101.05	-76.39	2235
1402.73	102.82	2223
1140.37	89.37	2228
1099.55	100.6	2166
1116.44	-17.45	2192
1117.87	-64.32	2260
1097.04	-67.52	2202
1137.32	-26.07	2174
1134.09	-58.3	2116
1101.6	-60.95	2208
1109.06	-84.98	2212
1093.57	-83.05	2168
1122.4	-15.24	2231.5
1137.46	108.69	2262
1117.3	10.99	2227
1123.45	153.57	2160
1134.46	-116.83	2192
1137.64	-96.77	2206
1116	-114	2243
1170.09	-126.37	2214
1110.68	-86.48	2148
1135.61	182.09	2204
1135.3	-138.45	2182
1109.49	161.08	2198
1062.03	-95.24	2158
1144.35	-115.72	2174
1072	-104	2257
1113.94	-123.33	2144
1323.83	349.35	2182
1363.07	370.72	2242
1327	363.54	2224
1331.89	392.3	2244
1354.07	379.05	2194
1364.82	377.31	2218
1340.68	401.66	2252
1347.17	430.99	2288
1371.65	328.06	2198
1355.1	481.68	2205.93
1344.6	460.6	2225.93
1350.24	426.66	2236
1311.08	301.61	2166
1343.9	457.25	2212
1378.76	320.81	2212
1484.04	187.08	2239.79
1311.47	312.31	2154
1388.22	429.25	2216
1355.88	463.93	2214
1349.18	461.51	2201.93
1337.28	440.17	2192
1345.78	467.37	2248
1350.79	242.73	2184
1366.07	484.16	2280
1369.39	520.87	2233.93
1337.81	266.82	2192
1366.57	462.86	2198
1355.35	221	2244
1341.36	526.88	2222
1379.59	505.75	2210.93
1361.8	254.51	2228
1369.26	234.17	2240
1378.2	509.09	2176
1328.45	219.65	2210
1667.33	217.98	2219.79
1350.4	528.71	2270
1359.16	196.72	2208
1085.77	17.99	2324
1067.83	53.83	2230
1053.78	25.3	2286
1049.84	45.45	2234
1108	102.82	2264.46
1102.36	-17.12	2230
1086.07	20.74	2192
1072.06	151.34	2269.46
1068.06	153.34	2252.46
1060.48	-14.56	2274
1074	118	2239.46
1058.22	-27.06	2224
1061.4	128.23	2244
1071.19	151.77	2267.46
1243.06	81.8	2241.97
1083.79	-1.21	2268
1257.76	52.78	2264.47
1098.85	164.23	2245.46
1054.77	96.7	2180
1039.82	-41.63	2286
1081.35	112.59	2256
1073.09	111.62	2288
1051.23	-34.42	2294
1081.82	-57.64	2234
1058.5	157.39	2288
1100.24	175.68	2272.46
1085.39	-58.09	2210
1048.8	-84.65	2228
1082.6	-86.6	2266
1112.18	121.67	2250
1538.01	264.7	2241.97
1053.99	-84.49	2246
1095.14	190.41	2252
1107.93	193.81	2230
1085.99	151.99	2196
1112.14	184.91	2224
1279.17	367.78	2266
1266.41	375.31	2252
1312.78	354.55	2230.27
1344.69	321.12	2226
1313.62	380.48	2202
1287.65	329.85	2246
1266.95	356.06	2230
1296.17	374.63	2208
1258	339.24	2222
1297.79	327.83	2230
1290	374	2252.27
1290	284	2222.27
1328	286	2246.27
1281.28	348.08	2206
1320.43	372.39	2236
1274.26	307.68	2230
1340.6	340.25	2218
1285.1	335.33	2220
1304.02	405.19	2218
1274	276	2250.27
1322.85	294.03	2236.27
1284.85	256.03	2206.27
1269.18	302.51	2266
1282.63	444.16	2210
1325.14	314.78	2208
1348.69	19.66	2236.51
1309.65	304.15	2276
1324.5	439.48	2200
1324.55	319.76	2124
1284	302	2254.27
1268.92	248.8	2288
1300.27	470.13	2210
1317.47	490.26	2234
1307.77	220.08	2223.27
1294.34	259.01	2168
1303.47	498.65	2220
1292.88	250.31	2206
1296	296	2241.27
1278	270	2230.27
1282.06	216.35	2244
1292.15	215.33	2252
1314	508	2255.27
998.63	21.52	2271.65
1014.14	17.58	2231
1013.35	39.37	2257.65
1022.77	13.83	2231
1048.95	6.9	2273
985.84	32.99	2279.65
1013.97	0.93	2255
995.89	89.36	2227
1009.11	82.56	2296.65
1010	-20	2278.65
1007.72	83.75	2347
1028.93	-1.73	2245
1001.89	73.11	2231
1005.92	92.6	2286.65
1000.45	4.8	2271
994.71	41.01	2253
981.56	28.81	2283
964.59	-4.02	2265
1035.73	-56.89	2265.65
999.72	151.47	2250.65
987.39	-20.99	2239
987.02	160.92	2222.65
1003.88	107.48	2241
1007.02	154.92	2235.65
1027.31	-5.13	2307
983.02	166.92	2244.65
1009.37	-60.88	2245.65
1019.5	-85.89	2238.65
1018.18	149.65	2241.65
1030.9	-37.17	2223
1021.64	-55.71	2305
1017.18	116.61	2265
980	-22	2274.65
973.49	-24.12	2237
999.82	166.72	2255
1020.09	168.27	2229
992.22	191.26	2239
1006.47	166.11	2247
1000	84	2286.65
969.6	-110.74	2239
1016.87	-74.74	2279
1494.43	160.54	2242.1
1012.12	180.94	2265
1229.46	426.59	2272
1266.73	338.06	2238
1191.24	325.58	2239.39
1198.89	379.17	2216
1228.62	384.97	2312
1212.82	371.69	2250
1204.97	365.41	2324
1222.13	287.53	2278.39
1213.12	365.6	2240
1188.05	290.12	2256.39
1214.58	369.78	2242
1236.13	413.86	2208
1238.79	395.39	2234
1213.41	281.63	2251.39
1229.46	442.66	2220
1224.9	440.83	2324
1566.73	367.27	2253.59
1214.97	434.1	2238
1236.16	435.92	2216
1230.79	417.84	2222
1223.42	335.71	2270
1219.65	292.32	2218
1209.9	288.78	2225.39
1223.62	457.02	2194
1186.53	275.48	2260
1229.84	270.35	2231.39
1194.64	277.68	2220
1244.28	463.08	2220
1250.04	294.47	2256
1195.88	205.59	2228.39
1189.39	316.95	2260.39
1214.3	512.25	2260
1530.09	-278.76	2254.59
1519.47	-325.97	2261.09
1205.41	303.63	2214.39
1236.62	478.21	2272
1209.37	242.74	2276
1588.36	248.15	2264.59
1221.6	538.65	2198
1600.37	254.83	2289.59
1222.91	321.12	2237.39
1235.02	213.32	2290
1255.06	497.55	2304
893.09	26.13	2258.52
1307.72	-184.58	2235.01
961.76	36.63	2197
928.98	19.99	2249
939.32	97	2289
967.57	44.94	2233
942.41	55.63	2317
947.76	63.73	2277
906.36	60.12	2283
923.76	93.01	2281
944.41	10.81	2229
930.6	72.63	2255
974.47	16.06	2297
952.05	9.48	2319
901.99	128.31	2185
936.94	-0.38	2271
903.28	-18.02	2267
926.7	-43.6	2281.52
960.1	-13.97	2221
937.47	-25.53	2249
890.69	-71.32	2254.52
928.65	-34.19	2278.52
924.48	-32.4	2277
925.48	-23.38	2263
925.82	-76.95	2281.52
895.18	-65.03	2279.52
966.62	-48.98	2247
930.66	-24.67	2309
939.18	-61.03	2269.52
982.38	102.48	2301
934.5	-53.17	2277
881.67	-84.47	2301.52
964.28	-59.99	2291
952.63	-73.24	2285
928.04	127.97	2271
929.1	-75.35	2261
947.94	167.17	2345
1140.85	387.82	2192
1160.28	368.37	2228
1182.37	382.59	2310
1114.34	330.33	2278
1136.23	351.93	2252
1172.48	372.45	2224
1198.77	319.73	2242
1157.74	340.34	2246
1168.01	362.42	2106
1176.75	353.9	2258
1174.32	414.89	2254
1168.38	375.09	2168
1157.78	326.28	2222
1138.32	426.09	2166
1131.06	399.83	2248
1148.31	374.89	2170
1191.81	364.69	2302
1161.61	357.2	2190
1168.85	362.01	2184
1143.14	336.08	2278
1175.47	399.83	2218
1128.49	363.4	2277.5
1137.18	350.13	2218
1124.88	355.31	2242
1174.7	422.79	2244
1192.45	333.29	2206
1146.32	391.56	2278
1138.26	351.58	2140
1149.49	374.46	2226
1182.1	456.06	2283
1168.99	361.48	2228
1570.43	209.2	2202
1598.43	221.2	2270
1556.13	335.48	2302
1583.61	333.51	2206
1555.64	344.99	2227.5
1920	178	2277.5
2008	182	2208
1546.13	315.48	2289
1579.64	344.99	2257
1978	190	2253.5
884.12	68.75	2294
842.05	51.75	2284
882.63	87.7	2324
868.94	42.72	2262
1475.13	341.51	2297
895.02	96.99	2306
891.74	26.38	2240
878.81	37.05	2300
912	74	2295.5
902.59	12.68	2262
879.9	67.4	2280
897.59	117.56	2268
1399.13	-547.16	2252
894.25	73.74	2252
892.66	34.92	2266
886.14	106.58	2272
858.26	86.45	2304
827.15	16.93	2242
841.92	-9.25	2252
861.48	176.57	2265
883.57	160.45	2288.5
838.08	145.88	2244
1458.46	254.91	2263.5
876.97	143.09	2220
875.77	2.07	2198
1472.34	466.83	2277.5
851.84	134.73	2280
864.09	-49.55	2252
926.97	125.25	2266
922.74	229.36	2310.5
862.09	-51.82	2316
907.24	-66.2	2282
1445.18	368.46	2276
870.15	159.05	2286
900	178	2319
900.12	225.21	2278
913.96	153.3	2318
883.22	204.39	2238
1469.67	342.22	2295
887.62	170.71	2280
831.11	-55.42	2264
874	178	2306.5
906.64	179.04	2250
876	182	2264
888	114	2290
916	104	2293.5
913.19	181.72	2296
930.5	228.26	2200
880	198	2265.5
823.58	-133.9	2248
1075.36	399.29	2241
1113.36	384.6	2289
1128.08	421.98	2278.15
1062.26	395.55	2251
1080.32	402.24	2271.15
1091.53	365.61	2245
1129.08	384.95	2255
1084.17	336.27	2251
1072	426	2297.15
1119.6	383.16	2253
1063.57	360.58	2295
1107.36	443.11	2257.15
1095.55	424.98	2259
1089.85	335.24	2243.15
1109.31	343.62	2259
1130.82	345.25	2291
1125.37	427.11	2285
1098.17	345.2	2289
1097.3	322.58	2294.15
1090.15	333.78	2285
1084	316	2292.15
1098.57	351.32	2223
1101.66	308.55	2327
1136.94	297.85	2247
1084	310	2271.15
1080.36	290.43	2333
1083.08	504.64	2283.15
1079.08	334.39	2273
1076.32	450.01	2327
1125.53	470.67	2291
1111.56	439.14	2271
1078.38	539.58	2288.15
1132.55	282.63	2233
1070	322	2256.15
1126.7	270.91	2207
1138.48	454.55	2273
1077.87	238.14	2237
1072	372	2270.15
1126	412	2260.15
1067.91	240.16	2243
1126.93	525.36	2245
1106	494	2269.15
1534.8	299.09	2265.43
1076	504	2248.15
1496.71	261.79	2290.43
1106.62	546.44	2305
1381.51	473.52	2291.93
1112	412	2271.15
1102	414	2249.15
809.89	50.89	2328
827.25	-15.42	2291.53
811.25	24.58	2275.53
839.77	74.55	2266
828	108	2269.53
777.32	-36.36	2326.53
787.32	-42.36	2279.53
1398.12	366.26	2295.02
828.1	94.02	2314
794.17	55.04	2290
831.79	5.14	2321.53
817.32	-10.36	2324.53
825.08	127.89	2292.53
850.11	42.47	2320
822	118	2314.53
827.84	145.05	2277.53
838.88	3.64	2306
848.43	23.94	2318
849.93	149.5	2298
855.47	-1.06	2304
784	4	2314.53
773.95	145.76	2310
796.88	-29.74	2268.53
781.43	-69.18	2296.53
802.48	-27.53	2284
774.43	-48.92	2276
870.66	156.42	2326
793.43	-75.18	2319.53
822	-6	2307.53
854.56	194.65	2322
835.97	-76.62	2287.53
841.96	-63.5	2292
800	-28	2317.53
789.21	-19.96	2306
1414.46	366.39	2336.52
816.93	-16.87	2306
840.03	-84.02	2320
756.36	-83.19	2344
866.04	185.14	2360
828.68	158.74	2282
838.91	211.33	2284
808.67	-76.45	2324
807.33	195.05	2324.53
807.34	-77.96	2294
824	106	2283.53
794	22	2311.53
1495.09	241.82	2251.5
1050.3	377.63	2268
1460.44	247.12	2250
1300.58	118.31	2274.5
1455.51	97.57	2250
1020.7	390.53	2244
1365.32	127.3	2251.5
995.12	413.27	2298
1062.66	383.82	2208
1027.01	423.75	2278
1001.02	376.22	2278
1045.92	317.08	2259.25
1028.69	362.15	2246
1077.9	378.96	2210
1058.36	370.23	2264
1507.94	355.66	2264.5
1010.94	358.18	2284.25
1035.13	432.87	2244
1491.92	224.69	2278.5
1052.31	420.38	2246
1053.57	348.84	2204
1439.21	-259.78	2287.5
1022.98	339.85	2244
1048.31	394	2256.25
1037.41	374.95	2262
1537.07	229.25	2272
1048.31	408	2312.75
1032.83	445.21	2216
1026.88	382.12	2222
1005.8	406.94	2180
1070.59	382.09	2216
1032.18	354.79	2234
1031.39	385.75	2268
1030.16	376.82	2214
1033.19	342.33	2250
1005.65	358.4	2288
1055.03	361.4	2238
1065.03	423.59	2286
1007.03	368.63	2220
1083.24	447.38	2234
1055.81	368.56	2264
1025.5	339.24	2248
1537.07	243.25	2277.5
1022.17	345.62	2216
1040.59	322.77	2216
1054.18	324.69	2230
1031.41	485.75	2218
1029.03	322.78	2290
1015.76	318.34	2182
1002.7	319.73	2302
756.59	77.57	2296
769.45	44.38	2286
757.74	73.25	2302
718.65	52.47	2344
726.68	70.05	2320
746.47	83.56	2292
762.48	60.66	2242
1364.6	336.75	2322.81
733.99	96.6	2282
1402.15	373.69	2289.81
787.72	131.37	2296.22
745.85	52.26	2320
737.16	124.66	2314
781.3	38.5	2304
784.04	126.55	2400
1361.17	336.06	2343.81
767.21	14.6	2328
768.27	-16.03	2250
775.2	121.93	2316
777.67	161.71	2318
757.21	150.49	2376
809.62	141.25	2350
767	7.94	2316
738.78	155.22	2374
756.2	183.03	2330.72
1020.72	-91.91	2317.31
748.2	205.03	2298.22
782.11	192.54	2336.72
734.7	168.8	2306
764.31	-13.38	2252
764.36	163.72	2272
770.22	178	2326
737.05	195.34	2262
722.39	-18.5	2316
761.68	223.31	2298.72
776.9	-89.45	2338
804.94	219.5	2380
1372.67	346.25	2330.81
723.27	-97.2	2314
1145.92	123.62	2297.81
754.11	-78.96	2304
1211.31	136.48	2357.31
1374.64	367.5	2300.81
1292.99	262.36	2349.31
754.35	-76.7	2322
1006.48	-9.44	2322.81
743.18	-126.54	2310
775.56	235.54	2302
734.93	-105.95	2374
1021.6	-105.03	2317.81
723.15	220.37	2256
938.06	430.42	2296
1334.39	-329.36	2312.75
935.35	379.59	2366
923.02	378.81	2230
976.04	443.72	2260
950.13	425.86	2238
966.95	381.83	2276
1384.41	-252.38	2335.75
965.54	411.72	2280
987.36	377.11	2310
979.88	432.73	2346
955.49	412.04	2252
1354.39	-361.36	2297.75
971.35	377.59	2368
929.09	395.87	2286
987.69	416.78	2244
982.59	426.45	2286
975.32	384.51	2346
1009.66	478.07	2280.12
999.46	344.38	2330
981.67	450.07	2306.12
956.87	343.94	2308
932.75	442.78	2312
982	512	2310.12
998.6	353.7	2348
996	500	2311.12
973.62	367.27	2280
972.72	335.48	2306
976.16	493.66	2325.12
955.57	339.09	2310
918.47	346.52	2364
1020	510	2288.12
960.43	314.83	2270
1014	488	2319.62
983.16	317.14	2290
949.44	507.32	2282
965.87	279.08	2358
965.62	544.59	2323.62
961.1	321.16	2248
936.83	282.89	2322
974.38	506.61	2286
928.5	292.23	2328
943.77	312.03	2300
937.76	238.46	2324
1040.8	554.02	2294
1326.72	-546.41	2302.75
965.05	507.69	2302
944.66	259.33	2322
954.25	545.89	2322
969.27	422.22	2279.62
933.33	234.3	2322
679.51	75.12	2299.38
1013.87	-1100.87	2322.25
693.03	50.29	2270
703.99	66.43	2274
707.43	77.25	2284
680	74	2315.88
714	106	2325.88
686	82	2291.88
1316.61	199.24	2291.25
699.02	23.01	2278
722.15	149.15	2313.38
671.55	57.62	2240
700	90	2291.88
710	12	2316.88
963.49	-95.19	2305.25
714.11	110.19	2316.88
921.98	-97.32	2289.25
725.56	-14	2304.88
676	70	2317.88
686.9	69.41	2240
684.88	124.13	2281.38
672	70	2273.88
714	84	2318.88
706	0	2319.38
701.62	121.11	2327.38
639.1	43.46	2270
1265.55	307.49	2299.25
718	74	2332.88
720	116	2301.88
687.07	111.44	2286
688	-24	2341.38
675.08	-30.79	2331.88
708	106	2327.88
718	124	2277.88
705.08	-44.79	2337.38
706	4	2299.88
678.54	143.9	2286
705.1	127.75	2256
690	110	2303.88
680	80	2315.88
700	0	2296.88
704	70	2338.88
718.35	-57.77	2309.88
672.35	155.13	2284
680	86	2297.88
722	120	2324.88
686	98	2344.88
690	102	2313.88
686	74	2322.88
708	112	2323.88
704	90	2335.88
721.08	-49.83	2318.88
692	74	2285.88
879.07	355.85	2366
882	408	2288.43
906.56	240.84	2246
881.01	442.73	2344
899.08	267.3	2290
899.88	265.34	2282
867.06	306.51	2274
936.79	456.12	2368
914	372	2307.93
914.56	358.66	2330
946.97	381.67	2326.43
918.97	351.67	2291.93
930.38	379.82	2312
916.75	501.75	2372
963.09	450.71	2320
899.79	504.48	2330
939.01	496.46	2270
897.86	253.21	2288
891.3	264.69	2315.93
885.3	369.22	2346
924.73	337.91	2304
874.1	423.81	2330
864.28	429.91	2322
928	280	2272.93
897.76	257.94	2326
891.97	480	2276
927.38	489.29	2332
888	406	2323.43
914.48	220.6	2319.43
916.96	336.41	2352
909.38	395.21	2334
935.3	284.69	2333.43
943.66	432.1	2326
923.07	410.33	2298.93
891.51	265.79	2298.93
912.48	220.6	2312.93
920	178	2287.93
911.97	442.76	2368
901.06	373.05	2325.43
882.64	258.54	2234
914.79	326.92	2314.43
897.51	247.79	2310.93
947.82	376.62	2292.43
908	502	2323.43
902	470	2306.43
876	190	2311.93
918.79	320.92	2300.93
932.97	361.67	2291.43
878.48	222.6	2271.93
912.79	336.92	2317.43
1470.4	831.55	2264.62
1042.29	24.42	2315.62
1112.2	37.98	2330.12
544.56	-359.11	2311.62
1133.71	14.28	2340.12
1053.55	1.24	2309.62
672.96	201.94	2388
623.3	-24.11	2388
657.54	74.31	2312
609.78	-45.64	2328
644.74	79.19	2330
604.76	-58.15	2260
614.68	145.12	2350
613.67	136.02	2350
622.46	240.59	2314
572.35	-11.64	2336
621.05	117.77	2342
623.9	104.55	2386
667.92	86.37	2282
685.04	157.49	2324
621.98	5.52	2352
633.04	91.46	2310.08
572	-106	2333.08
638.72	107.45	2364
658.11	137.52	2316
627.55	56.03	2402
655.42	77.37	2376
628.45	205.72	2316
601.73	-8.95	2396
596.1	75.7	2328.08
658	45.9	2338
637.43	19.64	2310.58
634.33	-93.24	2326
598.26	-33.49	2330
584.76	-11.26	2315.58
620.47	-97.02	2310
616.06	75.09	2326
610.7	25.21	2326
616	-96	2321.58
649.28	110.42	2320
615.8	-17.49	2278
639.35	132.43	2382
607.79	14.21	2268
600.59	73.81	2324
595.23	-25.56	2359.58
594.37	-20.61	2343.58
610.37	-8.61	2352.08
645.82	218.27	2338
645.51	120.51	2313.08
1352.67	357.28	2324.05
1286.09	271.96	2318.05
1203.68	151.9	2273.55
1295.73	277.67	2296.55
1325.68	321.66	2324.55
1195.02	232.56	2357.55
861.52	-75.65	2327.05
1299.19	369.85	2324.55
824.26	400.18	2294
860.46	415.08	2358
1373.21	-419.4	2289.5
846.56	423.02	2330
809.28	427.54	2328
841.69	387.42	2316
821.56	399.19	2286
1372.96	268.13	2355.5
1342.4	287.7	2308.5
1363.57	239.05	2280
854.07	390.01	2290
882.03	440.05	2324
867.06	435.03	2322
834.24	416.45	2336
840.83	362.11	2358
805.54	459.42	2294
839.51	446.01	2328
875.36	428.41	2336
1430.98	396.13	2345.5
893.28	491.05	2291.25
843.64	397.5	2280
1254.86	158.14	2296.5
867.69	492.97	2328
1348.96	264.13	2315.5
1349.98	162.75	2311
899.57	499.21	2321.75
1254.46	264.44	2305.5
830.06	333.87	2292
856.42	336.85	2358
896.4	525.47	2316.25
1425.4	379.83	2333.5
988.29	-104.79	2313.5
846.33	489.1	2348
822.22	488.01	2350
828.88	331.14	2330
1415.88	373.52	2317.5
869.9	336.74	2310
828.71	320.51	2354
871.11	508.67	2316
1381.67	390.29	2327
862.67	498.22	2240
819.17	318.29	2260
807.58	266.57	2316
1421.25	266.59	2332
821.66	308.37	2272
837.66	273.87	2292
830.85	238.83	2303.75
1449.88	387.52	2338.5
340.98	-1549.87	2327.5
881.94	552.9	2358
1345.12	341.72	2312.5
1390.09	171.09	2321.5
824.56	431.52	2310
782.48	421.39	2352
1377.47	487.83	2331
771.96	402.72	2328
827.55	388.9	2316
1374.4	392.57	2317
784.35	447.92	2360
781.28	452.38	2338
797.31	400.55	2340
782.39	386.6	2286
824.94	474.1	2300
766.98	403.92	2346
1300.96	256.17	2298
1362.79	274.81	2348
765.39	399.46	2366
786.78	350.7	2328
772.52	435.89	2352
1355.05	353.64	2315
826.3	505.42	2326
779.97	493.46	2298
763.72	530.45	2318.25
793.6	375.28	2332
1316.86	-428.82	2303
769.54	365.94	2346
1428.48	660.18	2285.5
766.69	320.31	2330
1380.4	372.57	2357.5
773.83	327.87	2376
784.51	364.3	2310
787.7	532.78	2344
1405.44	355.16	2361
744.34	342.51	2294
1379.79	448.17	2296.5
753.75	346.8	2326
776.44	332.14	2312
782	528	2331.25
749.6	349.09	2318
1273.52	287.06	2359.5
743.32	280.49	2356
1389.53	345.34	2357.5
760.13	286.94	2304
708.78	304.88	2332
772.05	296.51	2392
806.38	584.56	2358
1338.39	276.29	2322
748.32	304.46	2362
1351.81	347.59	2319.5
1352.95	353.46	2338.5
782	398	2336.75
789.18	579.21	2300
830.42	534.97	2314
773.99	286.72	2330
796.87	246.53	2368
756.3	238.5	2332
1400.95	285.79	2306.5
776.96	247.21	2340
752.54	263.53	2352
796.56	624.56	2352
1366.12	387.22	2310.5
768.36	246.66	2312
725.21	217.92	2274
1390.82	385.09	2311
771.5	236.16	2258
784.48	592.02	2336
789.77	204.53	2306
536.42	200.9	2348
603.09	208.59	2370
593.52	117.13	2328
599.55	172.61	2382
572.06	-70.02	2340
587.32	143.94	2306
597.89	-29.65	2358
594.85	11.56	2386
580.71	-2.02	2334
568.04	189.87	2394
548.77	217.46	2378
531.52	-105.14	2384
568.89	-35.14	2394
604.71	-39.13	2322
575.1	173.95	2424
575.73	7.64	2340
618.59	227.55	2326
557.59	-3.05	2344
586.75	248.49	2374
536.62	25.54	2330
563.91	121.22	2364
594.13	185.2	2292
576.28	192.54	2345.88
574.05	207.18	2356
567.26	74.71	2378
850.48	-574.17	2326.25
819.25	-607.3	2352.25
567.61	20.19	2304
1005.13	1514.39	2333.25
882.45	-450.59	2349.25
1001.62	1520.21	2308.25
869.48	-666.8	2335.25
981.11	1491.69	2325.25
956.61	1499.86	2309.25
843.45	-597.54	2386.25
803.79	-757.33	2307.25
1005.11	1509.69	2332.25
970.09	1505.34	2305.25
1154.79	-173.68	2335.25
885.47	-576.52	2349.25
859.01	-653.93	2388.25
996.59	1508.84	2326.25
1004.61	1497.86	2305.25
999.63	1522.21	2333.25
1267.28	-63.44	2347.25
1264.41	321.6	2345.25
1212.2	224.54	2370.25
957.29	-79.81	2328.25
1256.63	358.05	2343.25
1243.89	329.08	2391.25
1268.63	376.05	2338.25
690.87	425.52	2372
1387.18	338.84	2361.5
760.51	402.22	2340
1280.23	336.36	2330.5
714.17	411.02	2292
1257.8	236.69	2327.5
704.04	420.17	2336
681.15	416.3	2262
1043.55	64.23	2380.5
707.47	412.04	2318
1302.46	-650.9	2318
712.3	397.94	2306
1317.96	350.48	2338.5
717.74	407.19	2330
1303.98	373.53	2336
1313.71	282.69	2317.5
689.4	365.65	2318.75
714.09	470.75	2386
732.12	340.23	2365.75
672	498	2312.25
894.88	-505.8	2327.5
742.6	412.66	2380
1336.72	332.03	2358
1200.74	-373.21	2328
701.93	427.87	2296
1258.33	225.4	2312.5
699.4	426.82	2340
1053.24	1401.22	2347.5
696.29	421.36	2348
901.63	-590.16	2334.5
1295.65	-136.92	2307.5
690.71	372.49	2318.25
889.21	-689.83	2306.5
735.76	445.26	2362
1090.16	1522.65	2308.5
1273.51	355.76	2323.5
710.37	466.33	2324
726.41	31.2	2323
1050.2	1493.6	2295.5
723.05	391.07	2308.25
737.54	436.54	2320
736.41	9.2	2335
766.97	423.19	2308
911.89	-553.23	2312
710.75	404.63	2270
729.4	367.65	2330.75
1077.18	1543.13	2333
1039.18	1525.13	2313
739.4	387.65	2352.25
1011.44	1496.05	2349
722	410	2314.25
1045.95	1438.86	2377.5
1029.89	1531.34	2335
752.14	426.05	2370
1053.14	1516.18	2311.5
1081.68	1494.89	2342
684.06	435.22	2278
706.94	372.54	2326
1037.14	1498.18	2328
685.17	368.61	2336
737.74	330.23	2338.75
732.88	-19.04	2355
1050.98	1521.24	2364
1220.37	-745.66	2308.5
715.69	373.59	2274
699.39	401.33	2342
734.44	441.12	2326
1090.66	1548.41	2304.5
739.7	522.98	2328
702.08	326.81	2311.75
1071.18	1531.13	2304.5
900.4	-662.42	2331.5
714.98	380.93	2332
686	494	2336.75
1065.14	1496.18	2328
682.14	530.71	2358
646.49	421.36	2376.75
610.04	314.6	2376
624.62	421.94	2360
654.02	312.32	2322
659.89	522.05	2342
680.87	550.95	2328.75
655.39	455.7	2364
664.1	408.63	2348
661.06	459.95	2338
627.35	331.32	2334
659.38	335.34	2362
601.15	334.23	2378
606.61	319.42	2372
686.37	536.19	2382.75
687.53	420.76	2358
635.31	451.15	2392
688.64	490.92	2378
654.95	331.91	2354
630.6	369.19	2348
693.85	485.03	2382
658.62	430.41	2394
647.59	268.7	2330
687.28	556.77	2360.25
660.56	504.88	2344
600.14	315.5	2352
655.61	427.97	2336
642.94	383.86	2350
685.15	455.99	2296
600.37	276.57	2331.25
615.94	366.03	2324.25
914.76	-664.95	2374.5
989.63	1493.99	2363.5
978.64	1514.45	2300.5
1183.63	230.78	2373.5
1064.84	1536.29	2350
1249.69	-425.46	2338
1296.66	350.73	2357
968.13	1509.99	2335
1274.53	-1060.65	2370
991.42	1513.91	2325
466.62	1290.73	2390
1312.68	231.84	2317.5
1322.28	533.56	2327.5
1191.05	-48.7	2336.5
1295.57	377.11	2359.5
1202.45	1457.17	2394.5
1357.52	352.18	2380
1291.84	378.11	2365.5
1291.38	349.27	2327.5
1284.24	289	2346.5
1296.69	428.68	2308.5
1318.68	490.45	2329.5
1261.97	-239.16	2323.5
1234.05	247.16	2336.5
1263.41	363.5	2352.5
1258.25	237.23	2333.5
1203.86	255.55	2359.5
1282.49	448.61	2336.5
1000.93	25.96	2383
1187.56	121.9	2318.5
487.23	77.19	2311
530.59	63.72	2349
510.19	78.11	2321
507.09	95.78	2359
496.6	118.29	2277
522.77	31.76	2335.39
506.75	149.44	2367.39
507.6	119.09	2313
538.42	105.44	2361
538.06	20.64	2365
505.64	4.68	2339
937.98	94.87	2382.43
527.25	-11.34	2373
448.53	40.18	2351
461.13	90.32	2371
493.24	75.83	2343
528.3	60.56	2327
481.68	44.25	2381
489.7	93.06	2351
512.75	98.82	2359
498.38	49.23	2361
484.15	117.46	2373
475.63	121.39	2321
472.66	45.9	2357
521.86	34.95	2377
528.94	-26.62	2332.39
481.1	148.92	2333.39
465.93	40.44	2353
510.49	42.5	2357
1195.09	-241.63	2350.93
462.3	22.14	2321
505.55	141.08	2343
474	100	2366.39
500.62	46.04	2305
473.76	16.6	2363
494.4	12.97	2325
476	94	2346.39
525.44	-1.55	2372.39
530.98	160.71	2355
483.95	-42.47	2370.39
527.95	-64.47	2384.39
1171.81	286.7	2346.93
515.35	195.45	2339
542.47	467.38	2394
515.87	416.53	2356
522.88	476.23	2370
1195.79	274.92	2387
540.81	396.93	2358
566.22	461.99	2376
516.8	459.04	2388
553.81	381.55	2366
523.36	503.65	2374
529.2	454.72	2336
553.42	386.77	2382
555.72	501.35	2442
550.77	537.77	2350
551.52	408.05	2388
544.24	400.97	2340
549	408	2354
532.62	379.85	2346
545.61	538.38	2352
516.57	344.15	2394
538.26	513.02	2388
551.54	385.09	2444
523.8	329.9	2390
547.53	318.14	2390
522.68	338.03	2380
525.57	370.74	2368
526.11	317.98	2332
520.55	308.71	2316
489.31	319.56	2352
552.19	314.53	2388
516.45	290.36	2380
510.19	576.11	2384
523.26	277.06	2354
526.64	283.99	2396
541.33	582.14	2346
546.15	618.83	2352
465.39	105.54	2346
459.42	85.77	2360
429.67	102.07	2368
437.41	86.12	2366
1020.17	166.98	2362.25
457.94	120.42	2318
473.01	49.13	2386
1238.13	252.79	2354.25
478.24	64.52	2372
438.52	101.71	2344
438.24	83.01	2314
436.9	56.2	2320
484.37	90.77	2344
461.62	21.6	2360
444.95	74.36	2328
460.31	62.18	2320
462.31	155.16	2370
427.4	48.9	2342
455.42	18.05	2378
474.08	-2.75	2366
189.05	-1507.11	2355.25
414.97	3.54	2368
419.2	22.14	2366
458.86	169.98	2324
439.98	8.49	2338
431.59	-16.83	2306
453.51	-5.36	2368
452.29	186.26	2378
452.66	212.35	2346
1039.15	177.49	2350.25
469.19	-13.94	2294
471.09	208.69	2316
474.42	-16.5	2392
462.99	-61.56	2424
1143.06	355.89	2404.25
980.73	56.53	2331.25
449.91	-99.66	2388
482.09	241.46	2378
1166.53	355.35	2370.25
1224.08	272.79	2386.25
435.71	-91.09	2340
1207.03	364.3	2334.25
428.14	-73.41	2314
1247.03	360.3	2348.25
434.29	-104.2	2368
441.82	467.17	2361
445.95	432.13	2385
461.84	428.96	2355
464.55	468.16	2384.69
485.34	426.87	2307
444.39	440.79	2413
486.65	461.35	2403
509.41	482.59	2370.69
457.41	486.59	2407.69
460.33	417.85	2391
514.7	546.04	2402.69
452.3	402.59	2301
462.9	417.68	2375
421.71	458.91	2421
493.81	520.86	2313
451.74	400.74	2441
470.81	384.16	2363
483.85	515.1	2391
488.32	522.26	2403.69
446.92	357.95	2291
474.62	381.96	2379
485.55	589.05	2383
485.13	591.78	2339
487.48	570.26	2451
458.6	583.21	2297
471.14	585.58	2367
477.79	636.99	2379.69
451.18	300.2	2393
485.4	273.84	2357
391.09	439.94	2360
386	435.06	2388
389.41	422.75	2342
392.27	456	2390
377.67	453.81	2360
418.94	435.02	2340
427.78	456.5	2354
431.96	417.56	2366
419.91	408.75	2328
420.56	507.18	2360.5
387.61	439.08	2382
389.33	464.15	2356
367.32	366.47	2380
400.82	394.17	2364
430.16	430.36	2272
407.7	407.95	2366
1134.66	192.96	2375
446.89	427.97	2384
431.72	524.17	2350
1077.45	147.45	2380.5
366.53	383.43	2378
378.32	370.48	2356
422.74	531.95	2361.5
410.93	527.49	2396
391.71	330.81	2364
388.12	358.85	2328
1208.83	383.43	2351
435.88	512.98	2354
374.78	375.31	2386
909.52	-8.62	2384.5
407.64	534.92	2304
1153.77	52.26	2322
415.78	541.26	2336
438.15	330.52	2354
405.3	333.49	2376
404	584	2397.5
420	298	2344
421.84	571.53	2330
423.95	339.49	2362
434.48	586.5	2362
384	512	2390.5
388	426	2375
384	478	2392
394.63	299.61	2350
382	424	2402.5
390	626	2345
404	598	2381
426.82	303.95	2344
947.74	-662.45	2168
894.22	-713.09	2152
991.53	-679.9	2210
912.56	-696.32	2208
977	-694.72	2206
920.87	-667.78	2224
934.77	-597.07	2212.55
944.04	-587.44	2198
882.4	-559.56	2244
904	-786	2207.22
907.85	-598.72	2172.55
973.31	-653.23	2234
951.4	-678.17	2240
991.47	-701.05	2196
894	-816	2199.22
894	-812	2226.22
934.85	-671.12	2220
894	-772	2194.22
983.78	-660.03	2202
924	-692	2240.72
902	-802	2211.22
924.18	-612.45	2230
919.57	-673.43	2236
912.89	-590.72	2238
986.33	-705.17	2264
943.77	-713.09	2198
973.31	-566.28	2167.55
957.23	-611.74	2196
923.14	-710.21	2226
914.63	-686.97	2188
955.5	-607.65	2205.55
992.27	-469.96	2212
905.8	-486.59	2242
925.64	-510.5	2222
993.15	-665.9	2206
955.92	-661.95	2230
964.15	-696.82	2210
917.18	-689.22	2214
933.05	-702.67	2190
1289.39	33.31	2200.7
922.98	-635.23	2234
1423.9	-156.94	2216.7
974.15	-669.51	2194
984.82	-657.35	2234
938.44	-677.62	2224
977.99	-680.31	2210
982.38	-647.17	2244
1378.46	151.35	2195.7
959.21	-742.45	2258
621.13	-638.34	2340
1247.89	11.14	2193.7
612.54	-664.82	2282
942.91	-652.25	2184
961.62	-640.61	2220
614	-668.41	2326
935.16	-749.29	2226
579.76	-673.87	2350
972.71	-596.32	2210
613.12	-605.65	2344
944.07	-793.76	2194.7
931.8	-617.67	2218
588.91	-613.42	2288
975.07	-612.69	2224
582.48	-684.06	2340
950.01	-772.36	2162
623.35	-605.46	2286
961.45	-577.04	2184
1414	-182	2225.7
983.52	-556.42	2216
936.03	-562.65	2218
623.82	-558.96	2304
945.25	-494.45	2212
626.24	-559.53	2338
1011.11	-514.08	2222
638.23	-582.37	2316
1002	-510	2217.7
966.19	-514.3	2232
651.63	-535.16	2294
1374	-302	2176.7
975.59	-489.15	2198
688.75	-523.25	2300
992.36	-490.19	2200
623.88	-569.25	2280
998.42	-493.71	2200
690.21	-537.8	2288
1510	-318	2217.7
968.8	-497.62	2242
649.78	-524.49	2290
644.08	-530.13	2344
1013.85	-483.27	2242
914.65	-871.3	2240
526.37	-793.61	2354
968.45	-470.74	2212
682.02	-483.53	2292
1005.08	-450.65	2210
654.08	-530.78	2270
941.86	-884.87	2198
698.36	-504.65	2314
977.6	-458.6	2228
659	-481.43	2314
990.65	-482.76	2182
650.64	-497.35	2364
688.45	-509.67	2308
710.23	-492.3	2328
676.33	-474.24	2292
698.77	-457.46	2318
578.14	-671.04	2258
592.01	-632.42	2228
560.41	-628.76	2280.42
582.56	-600.88	2242
617.84	-644.02	2294
604.17	-676.22	2254
568.38	-622.58	2246
554.74	-739.67	2316
596.27	-590.37	2224
1085.9	-359.37	2248.61
560.86	-684.18	2302.61
566.05	-721.83	2338
591.13	-550.77	2284
586.85	-577.2	2280
557.81	-771.13	2316
572.77	-552.96	2256
566.27	-522.28	2268
1045.98	63.09	2236.61
900.38	-657.95	2220
866.04	-704.2	2242
558.32	-860.23	2236
859.59	-701.92	2242
923.04	-690.51	2234
860.03	-696.44	2216
858.41	-667.23	2214
861.36	-670.52	2238
865.71	-674.01	2264
871.89	-683.54	2230
845.39	-641.45	2280
908.98	-652.67	2262
866.03	-671.42	2284
885.3	-585.1	2242.67
879.24	-709.33	2222
907.44	-607.77	2302
901.45	-704.94	2268
1012.83	-139.49	2232.61
1196.01	-100.44	2237.61
621.61	-623.08	2232.61
589.6	-331.73	2239.61
789.38	-259.74	2246.61
1108.67	54.86	2265.61
624	-476	2246.92
624	-530	2257.92
498.48	-631.2	2298
729.41	-656.45	2284
682.3	-655.43	2248
692.26	-667.72	2250
498.79	-642.7	2242
481.98	-667.49	2262.14
723.24	-617.12	2282
706.49	-651.19	2240
532.03	-608.08	2246
708.15	-627.28	2294
506.76	-644.85	2310
733.86	-625.58	2266
988	-350.75	2262.73
510.57	-591.31	2302
744.13	-661.96	2286
506	-702	2292.14
1051.36	-347.4	2260.73
724.97	-727.67	2251.1
542.64	-598.63	2286
698.97	-739.67	2222.6
512.92	-634.33	2302
506.71	-644.29	2296
737.81	-641.16	2266
523.75	-585.75	2270
1162.82	12.92	2232.73
687.11	-646.77	2292
489.8	-631.07	2310
510	-726	2275.14
1199.72	56.48	2241.73
700.1	-635.95	2246
1373.92	-535.08	2272.73
488.79	-586.06	2282
712.61	-717.13	2322
507.02	-572.42	2264
724	-718	2257.1
481.24	-680.76	2328
678.37	-785.34	2250.6
723.26	-738.69	2258
539.12	-585.46	2292
712	-692	2265.1
546.66	-682.03	2310
767.05	-597.93	2248
506.3	-552.27	2248
687.28	-581.07	2288
556.23	-574.21	2254
712	-692	2230.1
532.67	-713.38	2276
738.91	-570.88	2222
540.32	-543.11	2298
728	-678	2214.6
514.85	-722.86	2282
704.75	-556.59	2254
505.86	-573.41	2282
702.36	-770.85	2256
553.25	-576.04	2306
694.36	-535.57	2268
527.58	-561.98	2240
717.13	-571.76	2286
515.03	-494.7	2274
682.81	-807.41	2306
750.59	-532.16	2244
700.81	-553.29	2258
736.03	-534.79	2276
508.12	-508.38	2344
1307.33	228.52	2271.73
716.33	-786.52	2282
535.08	-495.62	2288
682.94	-805.45	2280
696	-818	2243.6
485.58	-810.43	2248
700.66	-830.46	2286
519.8	-792.41	2288
1264.4	213.45	2286.73
759.25	-476.81	2266
700.35	-871.54	2238.1
562.89	-492.59	2294
470	-674	2267.14
670	-724	2248.6
559.79	-486.58	2292
712.26	-489.89	2290
470	-794	2254.14
705.22	-464.25	2268
815.91	-652.92	2282
852.69	-651.56	2246
739.14	-688.15	2270
707.53	-644.7	2262
851.07	-702.94	2274
747.22	-654.23	2202
825.04	-692.6	2248
849.92	-636.15	2254
831.33	-613.12	2246
858.56	-600.29	2236
840.84	-597.18	2238
765.44	-639.47	2262
819.69	-575.13	2244
748.92	-587.7	2242
1431.81	-286.68	2243.98
754.78	-777.5	2238
817.57	-757.22	2245.97
729.46	-732.54	2258
823.59	-588.49	2266
744.01	-615.62	2248
864.47	-573.96	2316
759.79	-602.13	2250
1236.36	0.36	2202.98
835.17	-784.96	2227.47
828	-774	2227.47
740.28	-553.6	2280
799.35	-491.41	2223.98
851.81	-574.71	2280
764.24	-727.94	2248
750.02	-749.72	2238
814.36	-564.88	2202
860.71	-525.52	2260
746.28	-545.19	2248
826.5	-554.17	2244
727.06	-559.04	2244
842.73	-536.42	2210
825.24	-713.85	2209.47
776.74	-545.56	2210
784.58	-503.46	2242
858.63	-508.72	2262
736.38	-508.67	2242
863	-560.44	2186
724.73	-791.66	2264
746.24	-504.79	2252
864.13	-497.1	2264
763.77	-523.83	2292
809.63	-532.09	2262
733.07	-500.85	2204
854.12	-506.85	2268
741.94	-513.39	2258
867.76	-505.36	2294
754.61	-520.35	2252
879.18	-509.42	2226
831.24	-683.85	2239.47
1272.43	128.22	2208.98
756.62	-472.14	2260
733.84	-832.97	2220
843.37	-525.79	2310
770.03	-519.5	2206
810.39	-516.02	2236
745.82	-497.65	2256
764.07	-462.19	2230
857.24	-695.85	2224.97
737.69	-460.95	2272
743.68	-460.41	2212
758.2	-488.51	2296
1373.46	-712.35	2184.58
1628.36	-748.08	2174.08
1564.84	-734.6	2268
714.48	-641.43	2272
697.08	-650.54	2236.71
622	-578	2206.71
1409.27	-601.98	2282
1251.97	127.13	2189.05
786	-826	2206.21
1214	-686	2158.58
1114	-584	2157.08
1700	-814	2137.08
720	-674	2239.71
1410	-792	2120.58
470	-696	2253.71
724	-604	2269.71
1016	-702	2134.58
593.98	-532.98	2221.21
1018	-690	2158.58
1108	-722	2168.58
708	-626	2232.71
574.38	-620.3	2225.71
522	-730	2244.71
1112	-692	2147.08
1722	-610	2150.08
1284	-608	2134.08
916	-774	2216.21
678	-596	2238.21
602	-592	2230.21
700	-678	2202.21
694	-726	2223.71
486	-794	2202.71
908	-798	2241.71
1139.2	-640.94	2137.58
706	-786	2252.21
1208	-708	2122.08
612	-606	2252.21
1182	-824	2133.08
990	-688	2139.08
594	-606	2209.71
612	-614	2196.71
778	-692	2257.21
1612	-616	2157.58
1498	-698	2136.58
1404	-816	2154.08
590	-602	2219.71
1306	-772	2114.58
608	-628	2252.21
1088	-526	2104.58
1220	-618	2129.58
1182	-724	2135.58
1084	-594	2166.58
694	-724	2248.71
990	-688	2104.58
710	-714	2206.21
970	-826	2167.58
900	-776	2208.71
1608	-796	2126.08
1720	-802	2159.58
772	-876	2197.71
686	-512	2249.71
884	-674	2226.21
648.37	-495.72	2250.71
908.53	-726.93	2238.71
932.97	-699.21	2248.71
745.85	-677.38	2224
1680	-724	2132.08
798.57	-575.71	2243.21
891.5	-732.65	2236.71
584	-724	2238.71
1438.22	-680.56	2294
1130.12	-681.3	2268
1116	-676	2167.58
705.06	-720.21	2217.21
876	-720	2225.71
1333.23	-653.06	2248
1590.3	-808.02	2153.58
1276	-696	2143.58
668.55	-638.11	2253.21
1427.26	-694.57	2156.08
1674	-782	2168.08
486.63	-592.39	2238.21
1290.22	-63.55	2154.05
1001.27	-758	2159.08
824	-708	2248.21
710	-724	2210.71
610	-614	2219.71
798	-608	2234.71
878	-624	2226.21
1112	-796	2178.08
788.41	-798.36	2250.71
900	-790	2216.21
672	-614	2202.21
1300	-776	2169.08
1698	-704	2157.08
1557.19	-664.54	2173.58
578	-708	2203.71
1098	-730	2143.08
682	-830	2196.71
886	-776	2221.21
686	-776	2198.71
1024	-682	2153.08
888	-800	2211.71
688	-594	2247.21
1090	-602	2149.58
1614	-698	2139.58
1172	-780	2135.08
882	-702	2223.71
1041.49	-601.65	2141.58
1112	-690	2126.58
588	-672	2217.21
980	-790	2180.58
874	-606	2238.21
622	-680	2199.71
1386	-730	2156.58
1166.13	-691.56	2172.08
889.09	-704.65	2256.71
765.67	-624.08	2209.21
604.06	-685.69	2220.71
1692.43	-739.74	2152.58
587.63	-622.49	2220.71
592.28	-638.35	2253.71
1178.24	-689.34	2154.08
821.07	-692.41	2243.21
1615	-720.67	2128.08
710	-686	2210.71
634.84	-673.13	2209.71
776.41	-612.79	2215.71
1404.82	-661.46	2161.58
1111.92	-679.91	2228
1610.31	-667.09	2135.58
999.53	-729.94	2126.08
1514.65	-785	2133.08
706.22	-694.49	2209.21
584.29	-649.63	2290
690.74	-715.93	2201.71
579.4	-579.88	2248.21
1716	-724	2137.08
622	-726	2231.21
528	-694	2242.21
1008	-714	2134.58
1588	-778	2170.58
1412	-690	2169.58
518.59	-579.24	2232.21
687.79	-750.81	2210.71
1084	-630	2153.58
1514	-710	2157.08
1570	-722	2137.08
1024	-408	2229.05
984	-772	2154.58
882	-616	2242.71
430.13	-644.07	2334
414.64	-667.48	2274.6
417.7	-639.14	2321.6
371.3	-602.6	2252
413.24	-615.21	2290
435.87	-643.54	2360
437.2	-622.56	2244
414.98	-618.28	2270
326.95	-706.31	2296.63
430.73	-702.4	2330.13
346.17	-727.48	2336.63
423.88	-603.73	2314
413.75	-617.57	2284
402.35	-564.61	2318
328.78	-727.11	2290.13
423.44	-735.34	2334.13
403.44	-749.34	2303.13
380.46	-570.78	2290
394	-674	2288.13
372	-616	2304.13
1251.05	88	2337.42
334.3	-682.97	2290
366.58	-498.66	2290.63
420.14	-752.29	2307.63
332.6	-690.58	2324
412.54	-503.62	2310
363.22	-464.19	2338.13
365.97	-720.35	2328
304.43	-467.13	2318
391.91	-496.03	2346
422	-474	2301.13
1001.19	62.48	2319.42
382.13	-486.17	2284
376.73	-483.29	2298
410.87	-461.77	2340
354.21	-702.62	2340.13
380.42	-582.72	2318.13
1089.1	141.67	2312.42
340.48	-594.49	2288
354.69	-601.58	2330
315.36	-647.99	2354.13
373.35	-590.78	2316
359.69	-671.19	2300
422	-610	2295.63
358.93	-672.16	2283.63
397.81	-587.77	2330
349.87	-635.02	2282
395.93	-654	2309.63
347.5	-609.79	2268
356.89	-640.38	2274
427.31	-625.84	2296
1228.37	-540.91	2282.92
374.02	-579.36	2352
345.24	-691.51	2301.63
388.85	-567.8	2256
380.79	-736.46	2325.13
426.82	-550.83	2270
410.5	-569.81	2284
417.81	-588.8	2328
400.66	-577.97	2264
350.69	-572.85	2318
427.63	-568.45	2320
378.16	-726.78	2284
358.84	-510.88	2322
370	-500	2346.63
343.6	-745.79	2244
383.71	-507.99	2288
388	-780	2312.63
394.46	-473.28	2292.13
381.8	-483.92	2296
366.55	-494.32	2302
842.56	-333.45	2339.92
389.41	-778.43	2308.13
370.19	-511.61	2338
351.78	-813.31	2319.13
